616
586
591
576
587
576
571
572
558
558
557
544
546
534
534
534
528
525
524
513
518
516
510
514
505
506
513
499
505
503
506
510
505
505
503
501
502
504
501
514
508
512
507
509
520
514
516
519
519
518
526
511
522
516
521
522
524
523
533
524
541
537
535
554
546
550
553
551
566
570
569
582
583
587
601
599
613
619
613
630
624
630
637
628
650
659
661
677
679
693
701
699
727
724
733
755
754
770
786
793
819
830
839
879
902
925
969
991
1030
1060
1098
1134
1186
1220
1274
1315
1374
1411
1463
1517
1575
1607
1665
1706
1756
1782
1837
1877
1939
1966
2026
2035
2090
2094
2129
2188
2174
2218
2240
2288
2282
2296
2331
2342
2342
2355
2382
2384
2366
2363
2379
2354
2365
2348
2367
2382
2373
2398
2418
2424
2424
2423
2443
2463
2452
2451
2458
2475
2467
2465
2462
2444
2451
2427
2421
2423
2400
2372
2385
2370
2362
2346
2356
2370
2306
2316
2295
2291
2256
2247
2243
2230
2206
2200
2209
2194
2158
2157
2166
2156
2123
2107
2128
2103
2106
2062
2067
2047
2051
2021
2011
1979
1990
1968
1951
1977
1955
1935
1926
1899
1883
1887
1878
1866
1842
1830
1817
1798
1786
1769
1744
1754
1731
1724
1698
1677
1675
1648
1646
1635
1612
1582
1584
1562
1540
1538
1511
1498
1482
1457
1457
1443
1421
1423
1399
1403
1388
1375
1356
1342
1330
1335
1311
1308
1274
1271
1266
1251
1242
1244
1218
1226
1203
1188
1187
1160
1161
1156
1131
1140
1122
1111
1106
1089
1079
1082
1060
1077
