634
612
611
602
604
591
584
579
574
569
568
557
559
548
548
551
538
542
530
523
530
523
524
525
512
522
518
513
514
512
512
514
515
510
515
508
513
514
510
524
512
520
525
515
524
527
525
532
524
528
529
518
537
529
527
534
534
532
540
537
550
544
547
559
559
563
568
566
576
579
574
597
592
598
604
603
615
619
622
630
625
628
635
632
649
655
658
681
674
681
691
698
709
716
719
738
735
745
770
771
805
810
825
849
862
898
931
947
984
1002
1031
1083
1128
1151
1208
1254
1310
1351
1396
1458
1490
1538
1582
1614
1646
1683
1730
1751
1794
1831
1867
1884
1927
1939
1956
1998
1962
1994
1992
1991
1986
1968
1975
1982
1956
1934
1923
1882
1848
1812
1782
1740
1723
1706
1713
1724
1750
1811
1870
1955
2034
2110
2210
2288
2358
2386
2466
2495
2522
2542
2576
2604
2607
2583
2586
2592
2582
2567
2611
2558
2570
2566
2571
2570
2520
2512
2514
2490
2478
2456
2439
2436
2423
2399
2420
2399
2370
2368
2362
2363
2343
2335
2345
2315
2288
2262
2270
2223
2234
2217
2218
2182
2192
2189
2138
2160
2125
2147
2133
2096
2084
2060
2059
2042
2028
1998
1986
1969
1960
1940
1918
1914
1891
1873
1863
1855
1830
1821
1793
1776
1746
1735
1724
1705
1686
1656
1652
1630
1618
1590
1579
1567
1553
1531
1519
1515
1503
1471
1472
1444
1463
1436
1418
1421
1400
1371
1363
1351
1340
1330
1307
1322
1298
1292
1271
1263
1260
1242
1239
1235
1213
1201
1188
1163
1171
1147
1147
1138
