611
592
591
583
586
573
574
567
557
555
555
544
546
536
540
540
525
526
517
518
521
510
510
511
510
508
514
504
509
508
507
507
511
504
506
504
503
509
506
514
506
512
514
503
518
514
515
516
518
517
524
511
518
516
519
523
521
520
523
528
534
529
533
547
534
548
548
539
558
552
553
564
557
561
568
557
572
574
575
575
574
577
581
583
592
596
589
614
609
614
620
619
636
627
640
650
655
658
670
667
694
704
716
743
754
772
802
824
856
887
918
943
990
1024
1075
1110
1167
1212
1265
1322
1366
1419
1471
1507
1570
1594
1670
1703
1766
1811
1847
1911
1954
1975
2030
2067
2071
2113
2157
2184
2194
2216
2226
2268
2269
2283
2318
2309
2314
2296
2306
2324
2310
2286
2343
2328
2367
2371
2402
2422
2418
2419
2431
2451
2454
2446
2450
2484
2482
2458
2474
2466
2455
2460
2432
2446
2413
2408
2417
2388
2375
2384
2373
2370
2332
2356
2326
2310
2284
2270
2263
2262
2243
2225
2227
2212
2203
2186
2176
2190
2167
2152
2155
2127
2114
2106
2090
2070
2060
2046
2035
2011
2023
2012
1988
1977
1986
1951
1956
1931
1904
1915
1903
1883
1868
1858
1823
1818
1784
1784
1769
1769
1744
1734
1734
1694
1700
1674
1660
1647
1622
1602
1591
1566
1562
1548
1518
1522
1494
1474
1468
1453
1455
1424
1414
1406
1392
1387
1385
1347
1351
1346
1321
1322
1287
1283
1283
1260
1255
1253
1219
1238
1211
1199
1194
1178
1170
1162
1143
1151
1127
1136
1123
1104
1090
1083
1076
1074
