643
615
622
603
607
602
591
599
583
579
579
573
566
563
551
551
544
546
539
527
532
528
530
529
518
525
524
519
522
521
519
528
521
516
523
521
519
520
525
529
525
529
531
524
534
534
532
535
528
532
536
523
543
528
534
543
536
549
549
552
555
556
555
565
568
571
579
574
590
586
586
598
603
605
611
611
626
621
620
634
632
631
647
639
655
667
666
684
690
696
718
719
736
738
744
765
763
780
800
817
851
850
874
915
945
961
1007
1027
1075
1109
1148
1187
1236
1274
1335
1373
1419
1483
1526
1596
1634
1674
1738
1776
1802
1846
1912
1936
1979
2010
2054
2091
2142
2158
2170
2244
2222
2230
2262
2281
2290
2276
2275
2318
2291
2286
2294
2270
2248
2231
2222
2192
2190
2171
2187
2190
2216
2282
2290
2346
2379
2436
2495
2527
2550
2566
2598
2622
2627
2631
2642
2658
2658
2632
2619
2634
2606
2583
2614
2576
2598
2578
2568
2574
2530
2522
2505
2496
2478
2450
2462
2443
2422
2402
2416
2386
2378
2357
2372
2340
2342
2306
2310
2302
2296
2260
2262
2231
2224
2224
2182
2172
2174
2162
2135
2154
2122
2114
2111
2086
2070
2062
2056
2012
2010
1991
1987
1946
1956
1927
1898
1907
1890
1864
1865
1827
1806
1806
1790
1783
1754
1714
1714
1680
1670
1654
1640
1623
1602
1571
1570
1558
1544
1535
1503
1505
1497
1459
1481
1450
1458
1439
1399
1407
1395
1373
1353
1343
1328
1323
1307
1310
1287
1279
1264
1245
1247
1230
1222
1220
1218
1198
1195
1180
1160
1137
1143
1135
