635
609
604
599
600
595
592
585
579
569
568
563
564
548
548
550
540
537
535
527
532
524
517
526
515
516
521
512
518
517
513
518
517
515
517
507
512
512
515
520
515
521
520
515
532
522
530
523
526
520
533
520
534
528
528
538
531
536
539
535
551
548
542
558
549
561
568
567
574
576
575
589
594
601
606
607
626
619
625
627
631
626
642
640
648
661
658
688
679
696
703
703
716
720
735
746
740
762
767
776
797
804
822
851
875
891
933
950
991
1012
1046
1086
1148
1162
1219
1254
1320
1366
1415
1479
1514
1552
1603
1646
1686
1722
1783
1807
1874
1911
1954
1980
2028
2056
2058
2107
2096
2106
2118
2138
2131
2118
2128
2143
2103
2088
2082
2045
1994
1959
1920
1882
1870
1850
1854
1840
1874
1922
1994
2071
2146
2246
2366
2424
2499
2566
2598
2667
2695
2701
2723
2734
2736
2726
2736
2726
2735
2706
2747
2722
2714
2700
2682
2707
2666
2680
2646
2627
2603
2582
2590
2590
2571
2546
2562
2534
2499
2498
2493
2493
2459
2474
2462
2437
2440
2386
2386
2359
2354
2347
2346
2311
2314
2298
2266
2282
2261
2243
2238
2207
2194
2188
2172
2151
2135
2102
2098
2076
2063
2066
2023
2014
2004
1991
1961
1939
1926
1902
1886
1882
1844
1817
1814
1784
1779
1755
1738
1727
1702
1672
1665
1658
1622
1616
1599
1596
1576
1553
1535
1519
1532
1492
1480
1482
1470
1442
1442
1403
1415
1408
1386
1383
1357
1345
1333
1318
1307
1294
1273
1287
1258
1266
1246
1226
1230
1202
1198
1202
