648
622
610
603
614
599
598
594
577
579
580
570
566
560
551
557
543
541
534
532
534
526
519
526
517
522
529
509
524
514
517
521
518
512
522
510
514
516
518
530
524
528
530
520
534
534
531
533
533
530
537
531
539
529
539
541
532
542
547
545
557
551
550
561
560
563
577
570
579
583
580
594
598
599
602
598
612
612
607
615
612
612
615
614
636
633
641
655
655
662
678
676
693
702
707
722
720
744
756
765
787
818
831
867
883
916
957
991
1047
1062
1129
1162
1224
1271
1337
1387
1459
1499
1582
1628
1699
1746
1815
1852
1922
1966
2026
2068
2119
2188
2211
2282
2310
2355
2361
2426
2411
2436
2474
2500
2507
2491
2507
2530
2506
2495
2495
2475
2451
2391
2375
2352
2346
2326
2318
2330
2348
2401
2430
2510
2563
2630
2722
2754
2791
2842
2858
2899
2920
2907
2916
2955
2951
2926
2914
2935
2910
2891
2903
2855
2868
2882
2861
2862
2826
2815
2796
2775
2756
2723
2716
2716
2690
2683
2697
2675
2646
2638
2638
2631
2610
2587
2590
2564
2563
2518
2507
2487
2484
2450
2460
2415
2430
2420
2386
2404
2371
2355
2348
2310
2311
2298
2286
2279
2218
2219
2211
2166
2175
2139
2119
2113
2099
2088
2063
2030
2039
2000
1976
1966
1926
1895
1912
1886
1868
1846
1808
1777
1773
1756
1761
1720
1702
1680
1664
1674
1650
1636
1624
1582
1586
1566
1546
1546
1523
1497
1494
1474
1455
1454
1422
1439
1416
1387
1391
1370
1367
1343
1327
1323
1314
1312
1296
1276
1275
1243
1238
1232
