658
631
625
617
618
610
604
607
591
587
589
580
574
563
560
562
551
549
540
539
540
535
527
533
519
526
534
518
528
517
517
523
527
520
526
519
526
521
523
530
527
531
533
526
537
534
531
539
534
538
543
533
540
538
538
542
540
545
548
552
554
552
554
560
562
571
574
567
584
586
578
594
596
595
611
595
614
608
611
628
615
615
625
622
634
638
640
660
658
667
677
670
700
690
707
720
724
740
759
768
794
803
819
844
861
896
939
974
1024
1055
1100
1151
1206
1242
1308
1361
1426
1508
1562
1625
1694
1762
1811
1892
1938
2007
2082
2134
2187
2254
2310
2346
2408
2430
2471
2538
2521
2552
2599
2622
2627
2627
2666
2696
2657
2662
2672
2643
2619
2580
2570
2535
2519
2494
2507
2530
2535
2603
2635
2702
2764
2815
2886
2918
2970
3002
3034
3094
3077
3102
3132
3110
3126
3108
3090
3106
3098
3062
3071
3051
3063
3039
3058
3054
3006
2994
2987
2960
2934
2920
2907
2906
2864
2864
2870
2835
2820
2807
2813
2798
2782
2746
2774
2759
2733
2694
2698
2646
2659
2638
2622
2602
2607
2590
2562
2558
2543
2508
2518
2491
2478
2458
2452
2430
2382
2378
2350
2327
2329
2302
2267
2272
2248
2224
2228
2186
2162
2131
2101
2122
2083
2046
2032
1998
1988
1961
1935
1914
1893
1868
1857
1840
1830
1810
1789
1773
1747
1722
1723
1690
1699
1670
1659
1643
1635
1622
1586
1570
1547
1556
1514
1526
1498
1482
1479
1459
1442
1438
1416
1399
1394
1379
1370
1359
1351
1328
1316
1306
