627
611
607
594
600
593
585
579
578
568
569
557
557
547
548
546
540
538
530
524
531
523
520
526
513
515
522
511
514
518
509
519
513
510
514
509
510
509
518
522
516
522
520
511
523
516
520
520
519
515
525
518
523
523
514
525
520
523
523
528
535
528
532
537
539
542
545
540
548
542
547
551
551
547
558
546
559
554
554
556
559
558
561
556
566
572
561
578
571
578
588
586
590
587
598
597
598
607
615
614
627
631
644
662
667
684
717
723
753
775
802
837
868
903
943
979
1037
1091
1140
1195
1252
1301
1358
1392
1450
1492
1544
1599
1667
1691
1750
1776
1841
1875
1893
1956
1951
1983
1996
2034
2064
2046
2068
2083
2070
2079
2079
2088
2066
2026
2011
2038
2011
1995
2007
2004
2047
2079
2130
2162
2221
2283
2315
2363
2420
2430
2453
2487
2487
2498
2512
2523
2506
2506
2482
2514
2475
2479
2504
2478
2462
2466
2454
2467
2419
2426
2418
2398
2366
2341
2350
2345
2323
2302
2310
2282
2288
2270
2271
2261
2262
2216
2216
2215
2206
2172
2182
2146
2141
2122
2120
2071
2079
2084
2051
2076
2058
2044
2040
2008
2002
1987
1970
1952
1943
1923
1898
1878
1881
1866
1836
1839
1822
1808
1790
1773
1752
1752
1718
1724
1684
1665
1659
1622
1627
1592
1574
1572
1533
1518
1530
1510
1502
1479
1463
1468
1442
1430
1419
1399
1413
1372
1362
1374
1347
1335
1328
1303
1302
1290
1267
1266
1265
1252
1225
1230
1219
1197
1187
1182
1179
1165
1163
1140
1133
1109
1107
1104
