618
597
601
591
598
581
582
586
563
564
562
555
555
549
542
545
533
536
525
524
531
520
515
523
515
516
519
507
515
515
510
511
510
509
504
509
510
510
505
518
506
508
510
503
518
507
514
516
508
510
518
512
520
512
517
525
510
519
523
523
525
522
520
531
526
533
538
529
546
539
539
554
550
545
555
544
556
551
552
562
558
560
563
551
567
567
556
580
575
585
586
585
595
589
595
601
606
603
618
613
630
637
636
660
659
678
698
707
743
750
774
792
826
848
893
912
953
983
1014
1060
1070
1116
1158
1185
1206
1240
1262
1298
1318
1348
1392
1395
1426
1452
1461
1500
1470
1492
1493
1490
1514
1482
1474
1489
1467
1463
1446
1428
1410
1384
1356
1348
1330
1318
1334
1330
1370
1383
1438
1497
1546
1610
1668
1727
1770
1812
1870
1906
1905
1918
1951
1942
1958
1942
1931
1962
1945
1943
1965
1948
1939
1926
1921
1934
1899
1915
1898
1874
1847
1859
1849
1844
1825
1830
1830
1806
1811
1798
1806
1788
1777
1756
1754
1751
1745
1714
1703
1693
1702
1679
1680
1659
1667
1650
1641
1655
1635
1619
1630
1605
1606
1584
1579
1558
1550
1550
1528
1509
1503
1506
1482
1491
1462
1455
1446
1422
1427
1403
1401
1400
1370
1350
1362
1334
1322
1297
1298
1299
1274
1256
1248
1239
1231
1211
1209
1200
1184
1174
1179
1155
1163
1138
1133
1132
1115
1102
1104
1070
1075
1082
1053
1055
1044
1034
1027
1018
1010
1000
990
999
985
978
974
950
960
948
950
941
