622
595
593
580
590
582
568
577
559
562
558
551
550
538
538
538
528
527
520
519
522
513
519
513
509
506
515
504
510
503
507
512
511
505
507
504
509
507
511
520
510
516
518
513
525
524
521
527
522
525
531
526
532
527
528
535
532
535
547
543
557
551
562
564
571
567
582
574
592
603
604
625
640
649
684
691
718
720
735
759
766
779
800
817
848
863
878
915
931
957
978
990
1018
1038
1051
1069
1074
1102
1126
1149
1174
1199
1214
1258
1284
1308
1354
1374
1428
1446
1488
1531
1564
1595
1648
1664
1712
1762
1802
1837
1879
1904
1924
1968
2007
2046
2075
2096
2138
2159
2183
2204
2247
2252
2271
2306
2288
2308
2334
2348
2348
2334
2340
2338
2322
2328
2314
2295
2259
2222
2189
2192
2163
2129
2147
2154
2176
2206
2255
2320
2337
2400
2470
2491
2538
2555
2592
2615
2619
2627
2650
2636
2640
2646
2626
2622
2602
2599
2610
2584
2578
2573
2582
2566
2535
2539
2514
2485
2490
2450
2458
2438
2422
2416
2426
2393
2378
2352
2350
2366
2319
2323
2330
2306
2288
2266
2243
2230
2225
2211
2192
2175
2187
2162
2145
2155
2138
2104
2111
2083
2064
2064
2035
2017
1998
1980
1979
1956
1955
1922
1906
1910
1879
1864
1849
1835
1833
1805
1782
1780
1738
1718
1711
1699
1666
1671
1644
1631
1602
1574
1581
1562
1547
1535
1510
1514
1498
1474
1477
1441
1438
1430
1404
1404
1387
1372
1359
1334
1330
1322
1308
1298
1303
1272
1263
1242
1246
1226
1206
1202
1202
1187
1188
1171
1164
1154
1140
1139
