631
610
614
594
607
591
589
588
575
564
575
563
559
550
548
548
532
538
530
526
530
526
519
527
514
517
523
508
519
514
511
518
516
511
514
510
518
518
514
522
520
522
528
520
529
522
527
530
524
527
533
528
534
530
531
536
538
539
543
544
554
549
553
561
556
567
570
573
580
585
581
599
601
609
619
610
630
627
622
631
639
641
650
644
666
672
665
687
690
703
717
724
738
743
758
775
784
796
817
826
849
866
887
938
950
978
1014
1036
1082
1110
1155
1196
1240
1285
1338
1365
1417
1460
1502
1566
1604
1652
1690
1730
1766
1805
1850
1874
1918
1958
1981
2022
2055
2062
2068
2122
2102
2107
2093
2111
2099
2076
2079
2076
2058
2034
2019
1975
1934
1886
1831
1811
1770
1762
1759
1750
1795
1851
1906
2000
2086
2196
2310
2375
2475
2548
2586
2666
2694
2719
2738
2755
2782
2763
2774
2784
2762
2751
2775
2760
2758
2748
2737
2764
2713
2719
2694
2675
2657
2635
2634
2618
2603
2598
2599
2575
2559
2535
2548
2555
2522
2503
2511
2492
2480
2440
2450
2407
2403
2392
2366
2362
2354
2338
2314
2311
2295
2271
2263
2244
2231
2231
2222
2196
2159
2143
2120
2110
2091
2077
2051
2055
2032
2007
1998
1969
1968
1944
1918
1907
1877
1840
1845
1826
1788
1782
1764
1744
1726
1716
1688
1675
1644
1655
1634
1635
1595
1582
1575
1539
1552
1522
1511
1501
1475
1462
1454
1430
1429
1431
1394
1392
1371
1367
1357
1330
1330
1316
1299
1291
1280
1274
1262
1236
1241
1223
1202
1198
