612
590
590
579
588
572
569
566
553
559
551
546
544
533
531
538
528
524
519
518
524
513
510
516
503
509
513
505
506
506
501
510
512
514
511
504
507
506
507
513
508
515
520
513
525
522
514
525
515
526
526
524
525
525
522
534
529
533
541
539
549
544
554
564
562
566
572
570
586
589
591
611
607
621
635
636
660
654
655
672
681
676
697
696
726
732
746
759
771
786
808
802
832
831
852
858
876
885
908
919
952
955
983
1025
1038
1058
1109
1134
1187
1200
1254
1267
1325
1354
1407
1443
1494
1532
1575
1610
1662
1699
1724
1759
1795
1823
1876
1896
1919
1968
2014
2006
2051
2064
2079
2122
2115
2127
2170
2188
2194
2187
2210
2243
2226
2243
2262
2239
2258
2216
2242
2224
2235
2228
2243
2238
2251
2282
2285
2314
2304
2309
2317
2319
2326
2328
2331
2372
2348
2347
2336
2331
2348
2331
2292
2304
2293
2275
2288
2277
2279
2259
2234
2251
2214
2206
2180
2166
2153
2143
2143
2128
2106
2123
2088
2076
2060
2067
2054
2062
2034
2023
2031
2000
1986
1961
1966
1942
1948
1934
1915
1891
1897
1894
1874
1870
1854
1842
1838
1807
1818
1814
1799
1774
1750
1738
1722
1708
1718
1690
1668
1695
1655
1643
1630
1610
1598
1582
1562
1558
1535
1507
1518
1498
1471
1466
1434
1440
1424
1391
1399
1382
1360
1350
1343
1339
1339
1308
1302
1274
1281
1271
1254
1256
1234
1220
1224
1189
1185
1192
1171
1168
1162
1138
1135
1129
1122
1108
1101
1094
1091
1074
1064
1042
1046
1029
1029
1026
