646
621
616
611
612
608
598
602
582
582
579
571
570
560
559
550
543
543
536
532
542
526
528
530
519
522
529
519
527
517
514
524
515
517
523
515
516
518
515
529
520
526
527
520
531
523
528
524
531
526
530
526
534
527
532
542
530
535
538
546
547
544
548
556
552
557
571
560
571
574
578
585
579
591
594
590
594
595
592
598
592
601
603
602
610
620
619
631
628
640
656
642
658
655
675
680
682
692
699
711
734
744
759
778
793
823
848
874
903
931
986
1009
1063
1091
1155
1194
1254
1305
1365
1432
1486
1537
1592
1631
1686
1748
1802
1847
1909
1956
2016
2057
2103
2146
2175
2234
2232
2246
2292
2318
2336
2311
2358
2375
2350
2362
2358
2332
2318
2281
2269
2258
2254
2218
2241
2239
2287
2319
2363
2416
2482
2530
2610
2646
2691
2724
2742
2790
2810
2822
2830
2849
2832
2819
2815
2804
2800
2784
2778
2786
2788
2763
2770
2786
2726
2736
2699
2690
2663
2630
2642
2623
2610
2596
2618
2586
2566
2570
2556
2562
2535
2508
2507
2486
2483
2458
2442
2396
2415
2402
2370
2340
2371
2358
2330
2338
2304
2290
2276
2255
2245
2246
2214
2216
2170
2164
2139
2111
2099
2090
2063
2087
2043
2023
2010
1990
1959
1957
1929
1927
1894
1862
1848
1815
1816
1778
1771
1762
1728
1711
1706
1688
1661
1647
1650
1630
1604
1593
1567
1559
1568
1526
1514
1511
1483
1463
1462
1434
1427
1426
1390
1400
1381
1354
1368
1322
1343
1325
1298
1303
1285
1283
1276
1255
1241
1220
1223
1204
