627
606
603
588
603
589
579
580
568
565
566
557
559
544
546
545
534
536
529
523
533
527
522
526
512
519
519
510
514
516
515
519
516
508
518
509
518
515
517
523
522
516
523
514
522
522
518
526
520
522
528
518
526
529
525
530
526
535
540
534
549
547
542
555
552
562
565
554
570
573
571
582
582
587
592
595
606
607
607
614
610
614
629
619
639
645
647
664
662
676
679
687
699
710
708
730
733
738
754
766
790
806
814
850
873
883
926
936
971
992
1014
1054
1082
1114
1146
1188
1219
1263
1294
1346
1356
1390
1422
1435
1475
1480
1518
1539
1564
1585
1623
1627
1655
1663
1670
1715
1676
1675
1693
1698
1674
1670
1654
1671
1636
1638
1622
1589
1566
1523
1508
1479
1484
1451
1470
1474
1513
1540
1590
1641
1714
1778
1872
1918
1970
2020
2061
2111
2131
2147
2174
2176
2186
2186
2171
2190
2183
2167
2202
2171
2180
2153
2146
2174
2141
2146
2123
2106
2090
2074
2064
2056
2046
2039
2056
2019
2022
2003
2008
2014
1971
1963
1967
1940
1950
1909
1920
1883
1902
1882
1875
1855
1855
1831
1823
1840
1813
1806
1798
1781
1766
1764
1756
1731
1721
1705
1679
1671
1677
1643
1630
1648
1611
1622
1599
1583
1558
1553
1535
1529
1498
1475
1484
1454
1447
1426
1417
1406
1392
1361
1367
1358
1336
1332
1319
1310
1300
1288
1280
1271
1279
1251
1237
1227
1207
1207
1196
1174
1174
1165
1141
1159
1126
1124
1125
1102
1094
1089
1072
1066
1066
1059
1058
1031
1035
1018
1015
1007
