648
619
624
611
613
601
602
596
576
576
583
567
564
557
548
553
542
538
536
530
542
528
523
527
518
523
523
517
519
517
519
522
522
521
519
513
512
511
515
525
512
519
523
518
526
524
521
521
518
519
530
520
525
524
525
528
522
527
525
531
538
536
530
541
539
547
550
546
555
552
548
556
555
559
563
553
562
559
553
564
559
559
570
554
571
570
568
581
575
580
583
586
590
590
591
602
599
601
615
598
621
622
630
649
647
668
688
706
735
757
778
810
855
883
934
971
1036
1076
1143
1219
1270
1340
1398
1457
1538
1592
1667
1736
1795
1872
1944
1982
2062
2091
2150
2236
2236
2282
2311
2364
2378
2394
2423
2458
2442
2442
2455
2450
2435
2408
2400
2387
2384
2362
2379
2394
2431
2484
2498
2562
2614
2662
2736
2774
2819
2823
2859
2910
2907
2922
2916
2927
2918
2907
2892
2903
2890
2866
2883
2854
2862
2850
2835
2871
2815
2798
2786
2774
2733
2726
2715
2708
2686
2684
2691
2646
2639
2630
2642
2637
2610
2599
2597
2546
2551
2531
2514
2491
2502
2460
2454
2418
2419
2404
2390
2402
2366
2358
2340
2322
2319
2300
2301
2278
2235
2221
2211
2176
2182
2126
2130
2116
2104
2087
2055
2039
2011
1996
1990
1975
1944
1916
1911
1875
1861
1843
1822
1803
1782
1762
1744
1719
1714
1699
1683
1663
1644
1622
1614
1595
1603
1564
1555
1550
1530
1502
1491
1474
1465
1461
1435
1431
1421
1412
1395
1382
1366
1343
1334
1327
1316
1300
1291
1277
1276
1254
1238
1241
