630
607
604
590
604
588
590
583
570
570
572
558
557
546
542
547
536
534
526
528
532
523
520
523
515
522
520
516
516
513
513
514
515
508
515
508
513
510
513
519
515
515
520
512
522
513
517
526
513
519
520
518
519
520
514
528
519
523
528
525
534
528
532
539
539
538
551
536
559
550
548
556
555
556
560
555
558
563
558
563
566
562
564
558
562
567
572
588
578
583
588
584
599
594
599
607
602
607
624
619
640
639
647
676
679
688
718
737
768
774
807
833
870
898
953
978
1034
1075
1129
1171
1227
1270
1319
1374
1422
1468
1520
1542
1602
1664
1702
1748
1782
1814
1842
1914
1899
1942
1948
1970
2003
1975
1996
2018
2016
2010
2019
2008
1994
1953
1955
1919
1928
1907
1922
1939
1982
2017
2066
2123
2163
2235
2290
2334
2363
2381
2426
2466
2462
2464
2472
2494
2502
2482
2479
2474
2478
2454
2458
2447
2460
2454
2446
2435
2416
2394
2383
2362
2358
2338
2331
2315
2302
2270
2302
2274
2270
2252
2252
2262
2230
2211
2215
2196
2186
2147
2154
2130
2130
2107
2105
2074
2071
2078
2040
2065
2027
2019
2002
1994
1978
1970
1966
1958
1915
1904
1898
1879
1866
1847
1826
1815
1800
1798
1778
1754
1750
1728
1707
1708
1672
1654
1638
1630
1606
1591
1578
1561
1552
1530
1526
1505
1486
1467
1460
1464
1435
1415
1411
1390
1402
1366
1362
1363
1353
1328
1313
1294
1277
1275
1255
1268
1248
1238
1222
1207
1204
1206
1186
1176
1164
1156
1150
1137
1127
1121
1107
1106
