606
590
583
581
583
576
571
567
552
552
553
547
546
530
537
535
526
523
517
515
517
513
510
514
512
514
512
503
509
508
507
514
505
507
508
504
505
507
507
515
504
512
522
501
523
515
514
516
518
515
526
511
518
517
522
527
519
528
534
538
539
543
545
555
551
562
567
570
580
584
587
610
618
628
648
651
676
689
706
720
731
741
767
779
816
834
848
890
899
924
950
956
984
980
1011
1025
1037
1047
1072
1077
1108
1110
1133
1171
1180
1203
1222
1247
1273
1266
1311
1332
1363
1367
1398
1413
1454
1474
1494
1531
1546
1559
1566
1583
1598
1611
1643
1641
1666
1691
1690
1719
1738
1735
1747
1776
1745
1732
1740
1747
1737
1728
1717
1722
1699
1682
1671
1631
1619
1611
1562
1550
1535
1526
1524
1538
1566
1594
1644
1698
1746
1798
1868
1925
1962
2010
2026
2087
2086
2098
2098
2112
2130
2107
2098
2096
2096
2090
2087
2100
2096
2070
2076
2076
2050
2059
2019
2015
2011
1986
1959
1963
1958
1943
1959
1918
1918
1910
1915
1908
1882
1881
1890
1858
1857
1832
1812
1796
1794
1785
1773
1762
1756
1750
1742
1744
1736
1714
1710
1694
1696
1667
1666
1648
1639
1623
1620
1602
1579
1574
1562
1567
1535
1522
1531
1514
1498
1474
1478
1470
1434
1417
1422
1375
1385
1362
1362
1346
1332
1298
1295
1294
1275
1267
1264
1262
1247
1226
1227
1210
1204
1199
1170
1170
1154
1144
1143
1124
1119
1118
1104
1095
1089
1070
1076
1056
1052
1044
1014
1037
1009
1003
1011
997
998
972
966
970
