603
581
571
562
582
559
568
560
551
547
547
541
543
532
527
530
520
522
516
508
516
510
507
510
505
509
511
497
508
500
506
504
505
506
504
495
505
499
507
511
507
513
507
501
514
511
509
515
512
510
518
508
515
513
515
522
516
518
532
527
534
533
538
546
545
550
558
551
562
568
573
588
592
605
613
624
631
646
647
660
671
678
695
687
719
728
732
758
762
781
792
799
824
831
834
850
853
873
891
896
914
931
948
972
992
1011
1048
1051
1090
1105
1128
1148
1175
1194
1232
1248
1279
1307
1331
1359
1381
1398
1422
1429
1459
1468
1488
1494
1520
1524
1554
1561
1590
1587
1598
1617
1602
1596
1616
1638
1631
1623
1618
1634
1612
1606
1592
1584
1568
1552
1526
1516
1500
1507
1515
1503
1533
1552
1585
1623
1655
1670
1714
1734
1767
1798
1808
1838
1839
1838
1851
1840
1859
1835
1835
1840
1830
1818
1808
1806
1794
1794
1792
1808
1750
1782
1768
1738
1726
1702
1698
1718
1690
1688
1697
1675
1669
1654
1650
1660
1647
1618
1635
1607
1616
1587
1593
1572
1559
1562
1554
1555
1536
1524
1515
1532
1507
1495
1502
1487
1474
1479
1462
1439
1429
1438
1417
1399
1393
1379
1379
1377
1363
1341
1335
1323
1322
1303
1296
1286
1278
1255
1255
1230
1226
1218
1205
1198
1170
1164
1153
1151
1148
1125
1129
1126
1111
1098
1105
1079
1084
1072
1056
1059
1038
1034
1030
1012
1014
1008
1002
986
982
971
974
962
948
937
929
932
928
926
923
912
906
891
882
881
