618
595
598
584
591
586
580
580
563
558
558
557
553
550
538
546
532
532
526
523
528
520
517
522
511
516
524
506
514
514
510
519
512
517
510
512
513
518
512
519
510
517
523
511
523
519
523
528
519
526
531
523
529
530
528
539
536
544
541
547
555
554
554
564
561
571
576
575
589
589
594
613
618
619
638
636
657
656
663
671
686
687
703
698
724
726
744
759
768
792
807
806
830
830
842
853
871
879
904
914
953
954
990
1015
1047
1054
1091
1119
1167
1174
1214
1243
1279
1303
1347
1362
1427
1452
1488
1523
1551
1566
1595
1615
1646
1658
1690
1694
1712
1736
1775
1782
1799
1798
1819
1826
1810
1804
1802
1783
1776
1755
1755
1750
1707
1694
1678
1645
1610
1572
1542
1520
1503
1476
1495
1494
1524
1590
1635
1698
1781
1867
1946
2032
2110
2168
2212
2282
2315
2338
2354
2364
2384
2385
2374
2381
2367
2367
2378
2364
2371
2375
2358
2366
2327
2350
2322
2308
2290
2282
2268
2272
2222
2231
2235
2214
2183
2183
2190
2178
2162
2144
2150
2134
2119
2091
2092
2060
2058
2050
2022
2007
2007
1998
1975
1986
1960
1962
1944
1934
1904
1904
1884
1892
1840
1850
1846
1808
1799
1784
1777
1763
1754
1739
1715
1706
1687
1673
1646
1634
1616
1593
1600
1557
1560
1539
1517
1515
1483
1467
1458
1447
1431
1412
1403
1411
1387
1378
1372
1344
1339
1331
1306
1307
1296
1272
1275
1247
1251
1228
1218
1223
1200
1190
1182
1171
1158
1158
1135
1135
1125
1123
1114
1102
1099
1076
1070
1072
