619
598
592
584
587
580
574
575
560
560
563
550
545
536
539
539
531
527
522
517
523
512
517
517
506
514
516
504
510
510
508
511
511
507
510
508
511
514
510
520
514
521
521
515
524
526
525
526
523
533
533
527
533
531
525
542
541
543
552
553
563
567
572
577
580
591
602
595
612
621
630
651
669
686
708
725
763
769
794
810
831
845
880
891
935
959
984
1022
1047
1069
1100
1124
1145
1170
1188
1202
1208
1238
1264
1268
1306
1315
1343
1371
1404
1427
1444
1473
1506
1516
1546
1560
1597
1624
1653
1679
1706
1744
1767
1802
1832
1834
1868
1890
1914
1932
1955
1974
2015
2014
2042
2054
2096
2110
2123
2141
2114
2126
2152
2139
2138
2128
2143
2143
2118
2110
2100
2063
2063
2007
1992
1986
1980
1945
1954
1952
1996
2019
2061
2120
2138
2202
2274
2311
2338
2360
2414
2432
2430
2435
2458
2462
2451
2442
2432
2425
2422
2406
2423
2391
2391
2375
2362
2388
2338
2350
2333
2324
2286
2276
2271
2254
2246
2226
2231
2202
2191
2198
2188
2192
2166
2142
2155
2131
2124
2084
2084
2060
2055
2042
2032
2007
2014
2000
2004
1994
1982
1966
1968
1938
1920
1915
1883
1899
1852
1841
1827
1806
1811
1786
1767
1777
1754
1739
1712
1702
1691
1682
1661
1642
1621
1610
1602
1574
1555
1546
1526
1526
1488
1458
1475
1456
1440
1430
1412
1405
1390
1382
1380
1355
1356
1333
1316
1310
1291
1285
1289
1254
1249
1244
1220
1222
1208
1195
1195
1175
1169
1151
1146
1142
1127
1123
1119
1104
1087
1076
1068
1073
