623
598
590
578
587
578
567
579
555
556
558
551
543
542
533
536
528
526
528
517
518
515
514
519
503
513
518
503
508
511
508
512
507
503
502
502
509
509
506
518
510
511
515
511
521
522
516
528
515
519
527
520
527
522
523
529
526
530
546
537
554
544
551
567
562
569
577
567
589
593
593
612
614
631
635
640
660
663
674
689
697
695
717
722
746
770
775
802
808
826
843
849
870
877
887
909
902
928
946
946
985
1007
1022
1051
1067
1084
1122
1142
1183
1204
1223
1251
1301
1324
1374
1410
1443
1486
1519
1563
1605
1608
1668
1672
1714
1724
1759
1804
1822
1857
1892
1910
1936
1954
1964
2003
1994
1994
2012
2012
2027
2030
2018
2030
1994
1994
1989
1955
1955
1906
1899
1880
1850
1842
1851
1859
1899
1930
1975
2038
2073
2098
2172
2209
2234
2259
2298
2315
2362
2334
2362
2359
2354
2346
2338
2345
2338
2311
2315
2290
2318
2306
2288
2305
2259
2259
2231
2235
2226
2183
2192
2183
2162
2148
2154
2141
2130
2098
2107
2117
2107
2076
2079
2058
2057
2012
2015
1979
1978
1978
1952
1942
1946
1937
1914
1934
1902
1890
1882
1871
1844
1850
1836
1817
1786
1786
1770
1746
1746
1716
1712
1711
1686
1683
1684
1660
1643
1628
1610
1582
1570
1543
1538
1516
1510
1495
1479
1459
1463
1414
1416
1406
1393
1385
1378
1371
1347
1329
1331
1315
1319
1295
1281
1276
1260
1240
1235
1225
1211
1215
1182
1204
1184
1162
1151
1139
1128
1122
1103
1115
1095
1087
1085
1070
1067
1042
1029
1031
