633
606
609
595
595
592
583
579
567
558
570
558
556
550
544
543
532
535
526
521
530
516
519
518
511
512
520
506
518
511
513
519
512
518
513
511
515
517
512
528
521
525
531
518
538
526
535
536
533
534
550
532
536
539
544
553
546
558
559
568
577
583
582
593
603
602
611
607
630
635
650
674
693
710
740
750
788
792
818
845
852
868
903
912
947
979
991
1038
1047
1078
1111
1123
1159
1175
1205
1228
1243
1268
1281
1298
1353
1374
1397
1450
1482
1482
1546
1571
1625
1647
1694
1726
1777
1788
1823
1861
1926
1958
1982
2039
2077
2098
2126
2180
2197
2234
2276
2291
2334
2353
2390
2399
2448
2442
2444
2518
2470
2500
2512
2526
2516
2510
2504
2525
2490
2505
2483
2462
2438
2406
2364
2350
2342
2328
2327
2335
2351
2412
2442
2513
2532
2591
2659
2684
2730
2730
2786
2806
2790
2802
2827
2822
2832
2823
2796
2806
2802
2762
2779
2762
2758
2754
2733
2743
2695
2700
2685
2668
2627
2603
2606
2607
2597
2578
2593
2542
2527
2514
2518
2515
2502
2480
2459
2453
2450
2398
2389
2382
2375
2359
2324
2292
2331
2300
2263
2286
2254
2246
2252
2207
2208
2188
2176
2167
2126
2126
2100
2058
2066
2070
2023
2019
1995
1971
1963
1946
1942
1906
1890
1877
1847
1822
1829
1782
1786
1763
1722
1719
1706
1665
1659
1655
1631
1623
1610
1587
1572
1563
1543
1519
1535
1496
1493
1478
1458
1442
1439
1406
1411
1388
1373
1370
1358
1338
1330
1318
1301
1299
1267
1277
1263
1246
1246
1226
1214
1202
1191
1182
