640
607
605
591
598
590
587
580
573
568
570
561
560
550
544
552
537
538
532
526
530
524
519
522
514
514
526
510
516
514
511
514
513
510
512
504
513
513
508
527
511
516
522
516
528
523
519
529
524
525
531
518
534
523
529
529
529
531
541
533
546
540
542
548
552
553
563
558
572
568
568
583
581
587
604
596
607
598
597
614
614
607
622
611
624
626
627
647
639
656
662
666
682
674
676
698
690
704
719
732
743
754
760
787
800
817
852
867
915
923
959
991
1038
1061
1119
1141
1195
1228
1277
1332
1378
1431
1474
1502
1543
1594
1654
1682
1739
1761
1821
1852
1895
1918
1930
1986
1990
1999
2032
2035
2038
2019
2039
2054
2039
2041
2021
1992
1952
1943
1918
1870
1866
1826
1834
1847
1855
1895
1934
2007
2064
2144
2212
2283
2322
2359
2402
2439
2432
2463
2478
2486
2494
2473
2484
2506
2474
2462
2484
2453
2462
2442
2430
2439
2416
2410
2402
2367
2346
2355
2341
2342
2298
2294
2318
2286
2267
2256
2255
2251
2230
2226
2232
2201
2190
2172
2159
2135
2146
2130
2110
2090
2100
2082
2055
2060
2050
2013
2018
1994
1998
1976
1952
1958
1939
1910
1910
1884
1875
1858
1845
1839
1824
1815
1802
1766
1759
1740
1721
1723
1692
1659
1655
1642
1639
1607
1595
1591
1549
1544
1534
1520
1495
1483
1478
1468
1463
1431
1430
1397
1408
1397
1382
1365
1354
1335
1325
1303
1302
1297
1277
1273
1249
1247
1246
1226
1211
1195
1182
1201
1172
1169
1159
1131
1134
1127
1118
1108
