643
617
614
600
612
601
587
595
578
578
579
568
564
558
550
553
542
546
531
528
532
526
525
532
515
518
529
512
519
518
513
521
519
512
517
512
515
513
521
522
517
520
518
514
530
520
517
528
521
524
531
519
528
522
523
528
529
535
530
532
538
535
539
541
543
548
549
547
555
559
553
565
558
560
567
559
568
563
561
567
572
563
570
562
578
579
583
594
582
591
595
599
600
607
611
617
614
623
635
631
663
662
670
690
707
714
747
760
799
814
842
885
926
948
1003
1045
1099
1156
1200
1269
1307
1367
1419
1461
1524
1579
1631
1670
1737
1774
1834
1870
1934
1971
1988
2053
2054
2094
2126
2134
2138
2159
2176
2190
2178
2202
2186
2174
2158
2130
2118
2118
2111
2080
2104
2119
2148
2184
2230
2294
2326
2390
2430
2504
2510
2555
2566
2611
2615
2632
2634
2635
2622
2631
2628
2610
2610
2600
2610
2587
2581
2568
2571
2587
2540
2535
2516
2491
2470
2460
2446
2440
2423
2408
2414
2404
2386
2376
2374
2364
2352
2340
2326
2322
2306
2270
2268
2235
2225
2214
2216
2195
2191
2184
2147
2182
2160
2127
2119
2092
2088
2074
2058
2048
2027
2008
1988
1974
1946
1943
1904
1914
1897
1880
1863
1844
1838
1809
1806
1784
1765
1739
1722
1690
1687
1658
1643
1644
1602
1582
1572
1578
1557
1544
1533
1516
1509
1492
1479
1459
1458
1434
1424
1418
1386
1382
1383
1355
1343
1341
1317
1316
1298
1286
1279
1266
1260
1243
1225
1222
1208
1206
1195
1170
1183
1152
1142
1151
