626
602
593
588
594
585
578
585
566
566
564
553
555
538
537
539
532
531
523
517
526
512
518
517
510
512
515
506
511
511
509
514
512
512
514
506
514
514
517
522
524
521
527
514
531
530
531
534
531
532
539
529
538
534
543
549
544
550
555
553
567
567
573
583
588
593
602
597
616
627
630
653
658
669
694
705
719
718
742
746
759
761
779
787
810
835
840
882
882
912
927
939
956
975
1002
1018
1028
1047
1076
1083
1121
1133
1166
1206
1228
1260
1316
1342
1387
1422
1466
1511
1551
1580
1658
1682
1748
1778
1831
1883
1934
1963
2008
2046
2084
2131
2191
2217
2248
2295
2338
2358
2399
2406
2430
2483
2480
2494
2538
2558
2561
2559
2587
2602
2591
2594
2630
2625
2626
2595
2614
2605
2598
2571
2610
2611
2630
2640
2654
2664
2651
2679
2707
2686
2711
2711
2706
2733
2720
2704
2711
2718
2704
2678
2663
2679
2659
2640
2643
2613
2614
2594
2598
2594
2567
2564
2542
2518
2503
2491
2478
2462
2428
2422
2429
2391
2383
2387
2391
2389
2358
2342
2352
2318
2330
2281
2280
2238
2242
2230
2214
2202
2183
2199
2158
2166
2147
2142
2137
2106
2093
2089
2059
2038
2018
2015
2000
1971
1959
1948
1910
1924
1907
1888
1882
1851
1838
1818
1802
1791
1745
1742
1735
1712
1691
1674
1650
1644
1621
1597
1584
1571
1563
1534
1535
1527
1513
1492
1490
1456
1459
1439
1426
1417
1390
1371
1378
1343
1342
1339
1314
1319
1300
1280
1280
1271
1254
1246
1222
1239
1220
1213
1207
1190
1164
1151
1150
1144
