632
602
597
585
595
583
581
575
565
563
563
553
556
538
542
543
527
531
519
522
522
523
518
520
507
516
516
508
512
508
512
513
509
512
510
506
511
510
508
521
517
520
525
518
530
522
527
532
530
535
541
527
539
531
538
538
538
543
552
560
564
569
566
578
581
587
601
599
610
626
627
650
659
676
699
713
735
748
766
772
786
794
820
816
846
870
887
922
933
966
987
995
1011
1030
1048
1074
1070
1088
1119
1127
1183
1191
1211
1251
1294
1311
1355
1378
1428
1470
1512
1550
1597
1627
1674
1716
1763
1804
1846
1890
1939
1962
2017
2034
2064
2102
2139
2156
2192
2213
2244
2294
2304
2311
2330
2382
2364
2367
2395
2398
2390
2382
2426
2414
2375
2370
2358
2340
2301
2254
2227
2205
2171
2151
2158
2145
2183
2220
2258
2318
2356
2426
2512
2555
2599
2642
2649
2690
2694
2713
2736
2718
2743
2727
2714
2718
2695
2666
2700
2683
2672
2670
2672
2678
2631
2624
2611
2588
2558
2538
2534
2518
2518
2495
2495
2484
2466
2459
2466
2454
2423
2411
2423
2398
2379
2333
2332
2298
2306
2286
2291
2250
2268
2236
2210
2230
2210
2195
2184
2161
2150
2148
2120
2096
2072
2064
2039
2022
2018
1997
1976
1966
1957
1936
1918
1903
1878
1859
1844
1826
1806
1787
1794
1754
1730
1722
1684
1683
1663
1646
1618
1613
1594
1595
1575
1568
1551
1515
1516
1491
1486
1466
1456
1446
1436
1406
1418
1371
1378
1364
1342
1347
1330
1311
1309
1295
1284
1270
1247
1248
1234
1229
1223
1203
1190
1183
1166
1165
