616
594
591
582
592
573
570
574
560
553
555
548
549
540
533
535
527
528
521
515
516
517
513
516
509
509
517
501
512
507
502
507
507
508
511
507
506
507
507
521
511
515
510
513
524
516
522
520
520
521
529
518
524
522
529
529
528
530
539
547
548
548
550
563
557
563
569
567
578
583
588
602
610
616
627
628
650
650
656
664
667
687
684
690
715
728
739
765
768
784
798
801
814
830
844
846
860
874
894
899
940
950
975
1007
1034
1056
1094
1125
1166
1186
1217
1260
1306
1324
1382
1411
1463
1506
1544
1599
1627
1667
1718
1744
1795
1819
1858
1878
1929
1943
1995
2018
2055
2078
2082
2126
2116
2135
2164
2203
2203
2192
2219
2239
2239
2242
2239
2254
2240
2215
2223
2232
2231
2212
2215
2235
2254
2268
2270
2302
2294
2322
2343
2340
2358
2351
2364
2390
2381
2366
2378
2356
2375
2358
2330
2335
2319
2315
2298
2305
2306
2292
2276
2284
2247
2257
2236
2215
2203
2170
2168
2168
2146
2136
2123
2110
2096
2094
2087
2102
2066
2060
2067
2063
2038
2015
2000
1981
1968
1960
1966
1936
1936
1937
1902
1922
1915
1878
1882
1858
1852
1842
1831
1819
1794
1783
1790
1744
1739
1707
1706
1722
1686
1672
1675
1660
1626
1619
1614
1594
1559
1562
1547
1518
1522
1499
1484
1467
1454
1432
1430
1414
1411
1387
1384
1367
1362
1331
1346
1302
1323
1294
1282
1288
1262
1238
1235
1217
1219
1211
1202
1195
1187
1176
1163
1140
1143
1127
1117
1125
1104
1099
1095
1068
1079
1055
1042
1040
