612
586
584
570
579
569
568
571
554
551
557
544
544
540
531
537
526
526
517
512
525
514
506
513
507
511
511
507
506
506
500
513
509
503
507
503
507
506
508
514
510
512
521
507
525
515
523
520
519
526
527
518
529
528
528
535
529
533
539
539
554
547
553
558
555
567
578
568
583
586
593
608
611
615
630
626
642
651
647
659
663
677
682
686
697
712
714
750
745
767
775
770
791
802
810
830
834
847
871
876
909
926
935
983
996
1022
1061
1092
1147
1162
1210
1240
1290
1329
1390
1418
1486
1512
1552
1622
1658
1691
1739
1767
1802
1842
1886
1915
1965
1970
2034
2048
2078
2092
2106
2162
2159
2174
2204
2212
2230
2218
2243
2259
2254
2266
2291
2263
2260
2255
2239
2260
2263
2226
2242
2259
2278
2299
2312
2318
2299
2330
2356
2367
2346
2360
2387
2382
2392
2375
2395
2375
2385
2355
2357
2340
2329
2288
2322
2300
2299
2288
2273
2283
2250
2247
2232
2218
2188
2190
2179
2171
2138
2124
2131
2116
2105
2092
2106
2085
2074
2067
2061
2039
2038
1998
1990
1967
1977
1959
1936
1934
1930
1911
1890
1907
1879
1882
1876
1858
1841
1846
1816
1807
1786
1775
1785
1753
1731
1712
1700
1696
1698
1674
1659
1630
1626
1613
1597
1579
1559
1523
1550
1514
1505
1489
1456
1452
1429
1421
1429
1402
1398
1383
1363
1367
1343
1327
1328
1314
1310
1289
1267
1267
1255
1239
1239
1204
1196
1202
1182
1204
1170
1160
1159
1140
1142
1122
1106
1100
1090
1098
1082
1046
1068
1056
1029
1043
