640
618
608
604
604
593
593
594
572
573
570
566
560
554
545
551
539
538
526
526
534
526
518
526
521
522
516
515
512
517
511
518
514
514
518
508
516
517
520
531
522
528
531
521
537
529
535
533
536
539
547
535
546
541
542
545
548
552
562
560
573
572
578
588
590
595
606
601
623
626
634
659
679
681
716
719
747
751
771
786
797
811
823
842
872
894
914
958
967
988
1007
1031
1052
1062
1080
1113
1134
1151
1168
1177
1235
1247
1272
1316
1340
1379
1424
1447
1502
1535
1574
1621
1668
1692
1744
1790
1834
1895
1926
1987
2026
2066
2087
2128
2170
2202
2234
2247
2292
2331
2362
2400
2426
2410
2449
2478
2463
2470
2491
2516
2506
2501
2506
2507
2478
2466
2448
2426
2393
2330
2315
2280
2282
2244
2267
2256
2271
2335
2369
2443
2472
2555
2639
2694
2731
2774
2846
2870
2855
2866
2898
2887
2903
2879
2882
2878
2880
2858
2875
2846
2831
2832
2838
2834
2772
2791
2775
2754
2719
2698
2696
2675
2682
2654
2670
2618
2618
2602
2607
2595
2572
2562
2556
2531
2516
2490
2487
2458
2451
2450
2410
2391
2384
2398
2355
2370
2336
2326
2314
2290
2276
2259
2231
2224
2195
2187
2174
2132
2148
2098
2086
2082
2054
2064
2038
2019
1986
1968
1950
1941
1906
1883
1886
1858
1828
1811
1774
1771
1750
1728
1718
1688
1682
1678
1656
1659
1627
1603
1595
1575
1568
1549
1527
1538
1498
1480
1465
1450
1456
1434
1425
1410
1399
1382
1360
1340
1351
1328
1318
1314
1306
1286
1276
1264
1253
1229
1228
1222
