604
575
579
564
574
563
558
568
550
546
546
542
538
530
528
529
519
527
515
512
516
507
509
510
508
507
513
502
502
501
502
510
502
501
503
498
497
503
503
512
496
507
504
502
512
506
509
504
505
504
510
500
507
508
509
513
512
513
514
516
523
519
518
527
519
528
533
527
535
538
533
546
543
547
558
542
565
560
562
564
564
561
571
566
578
581
579
598
591
602
606
600
614
614
622
633
628
642
658
651
677
687
695
722
734
752
775
796
824
847
883
902
942
970
1022
1051
1091
1126
1163
1207
1246
1279
1302
1328
1382
1395
1422
1453
1486
1499
1526
1564
1586
1607
1611
1646
1642
1662
1670
1670
1678
1670
1695
1692
1663
1661
1659
1655
1643
1616
1587
1592
1582
1550
1571
1556
1590
1624
1648
1671
1702
1736
1788
1807
1838
1863
1886
1917
1920
1911
1947
1932
1946
1925
1915
1927
1920
1909
1923
1908
1890
1874
1869
1878
1843
1853
1846
1843
1796
1795
1808
1806
1778
1767
1770
1754
1757
1733
1736
1730
1724
1714
1719
1706
1682
1664
1663
1642
1642
1633
1622
1604
1614
1602
1592
1606
1583
1566
1564
1547
1548
1539
1521
1522
1495
1495
1483
1462
1487
1446
1423
1439
1438
1416
1408
1382
1382
1365
1362
1362
1322
1304
1315
1293
1292
1271
1246
1252
1225
1212
1216
1198
1183
1187
1178
1167
1143
1137
1142
1120
1121
1107
1094
1090
1086
1065
1071
1054
1052
1047
1027
1037
1011
1006
1007
988
986
978
958
966
969
959
938
929
927
919
912
905
