627
604
609
591
602
587
586
584
566
574
565
556
554
551
543
546
538
530
533
516
531
525
518
526
513
519
522
510
514
518
514
517
516
514
515
513
514
512
518
528
519
520
523
516
528
522
524
529
522
531
527
527
530
528
529
535
528
538
546
545
551
547
552
563
562
568
574
568
574
581
582
598
594
606
612
610
623
618
620
623
639
633
647
633
657
664
663
684
686
697
707
707
722
731
742
754
767
778
796
799
840
846
864
907
918
950
979
1002
1050
1070
1107
1141
1187
1211
1266
1295
1352
1382
1430
1480
1521
1547
1586
1623
1648
1667
1707
1730
1759
1794
1831
1838
1877
1896
1895
1932
1923
1918
1927
1911
1899
1892
1885
1887
1855
1834
1831
1787
1751
1722
1692
1668
1651
1630
1635
1643
1686
1734
1774
1875
1948
2036
2123
2196
2275
2331
2372
2460
2476
2474
2523
2538
2544
2542
2546
2546
2542
2535
2545
2523
2538
2522
2527
2530
2484
2487
2466
2455
2446
2422
2412
2408
2403
2374
2387
2364
2343
2342
2342
2328
2315
2298
2314
2266
2274
2238
2239
2198
2198
2182
2175
2146
2146
2139
2112
2119
2118
2096
2082
2074
2033
2042
2028
2018
1986
1968
1966
1934
1939
1902
1890
1895
1863
1862
1831
1818
1791
1803
1770
1750
1712
1704
1708
1667
1659
1641
1614
1619
1579
1560
1552
1532
1522
1520
1494
1506
1474
1459
1450
1436
1446
1420
1394
1383
1383
1360
1356
1322
1318
1306
1302
1296
1279
1267
1253
1241
1239
1225
1195
1211
1194
1181
1174
1163
1143
1146
1129
1115
