637
612
606
596
606
586
580
586
568
574
572
566
557
548
547
550
540
534
532
524
534
519
523
526
516
519
525
515
516
525
515
523
519
514
516
511
518
514
520
526
519
523
526
519
531
528
530
536
525
530
539
529
535
531
535
547
537
544
546
546
560
555
564
574
570
578
583
572
593
592
594
615
617
627
635
636
655
659
657
675
668
675
680
684
704
707
717
743
742
761
779
780
802
805
823
839
841
858
880
905
923
944
954
1002
1027
1046
1090
1121
1169
1196
1242
1259
1325
1357
1415
1446
1482
1527
1552
1618
1657
1691
1727
1758
1799
1843
1872
1902
1946
1991
2016
2030
2069
2064
2091
2119
2118
2119
2135
2133
2140
2135
2130
2133
2094
2086
2066
2038
1990
1955
1902
1875
1846
1826
1812
1808
1841
1893
1934
2012
2086
2164
2293
2356
2409
2468
2499
2551
2590
2611
2635
2631
2647
2642
2638
2651
2639
2618
2645
2622
2622
2614
2604
2638
2586
2586
2570
2546
2526
2510
2504
2495
2467
2463
2481
2426
2439
2419
2404
2415
2390
2370
2363
2368
2338
2323
2294
2284
2276
2263
2256
2236
2218
2210
2191
2202
2183
2164
2151
2134
2123
2121
2098
2086
2059
2048
2023
1997
2002
1978
1947
1951
1920
1907
1908
1889
1858
1830
1843
1823
1792
1774
1748
1734
1726
1699
1693
1672
1654
1627
1625
1615
1580
1566
1544
1554
1522
1506
1496
1489
1483
1454
1424
1435
1416
1409
1391
1374
1360
1358
1336
1332
1322
1306
1299
1278
1276
1244
1247
1242
1239
1227
1221
1187
1189
1170
1158
1167
