651
626
629
618
621
611
605
602
587
596
586
575
575
556
560
553
554
543
544
540
543
534
536
538
521
530
529
521
523
526
526
528
524
520
524
525
527
530
530
535
534
538
544
533
546
538
545
546
544
543
551
547
553
548
553
567
559
565
571
575
581
586
586
592
595
603
614
611
630
634
646
662
664
675
693
697
710
721
723
733
741
745
758
767
792
807
817
851
858
886
893
904
930
931
967
976
996
1015
1058
1067
1109
1136
1152
1212
1238
1282
1332
1363
1430
1462
1523
1560
1622
1651
1746
1778
1850
1886
1950
2024
2074
2110
2173
2206
2255
2307
2355
2370
2431
2459
2506
2540
2586
2595
2615
2674
2626
2670
2689
2726
2724
2695
2727
2734
2698
2714
2711
2684
2663
2630
2607
2610
2575
2538
2558
2578
2579
2642
2670
2760
2774
2844
2891
2916
2962
2992
2995
3047
3038
3044
3058
3071
3070
3030
3024
3014
3015
2994
3007
2970
2974
2970
2939
2968
2929
2928
2914
2883
2855
2822
2838
2818
2783
2770
2787
2758
2744
2726
2740
2723
2710
2698
2686
2646
2638
2618
2591
2566
2574
2565
2546
2479
2518
2495
2494
2486
2459
2439
2434
2403
2391
2374
2358
2342
2324
2306
2291
2259
2246
2219
2194
2196
2171
2158
2136
2122
2088
2074
2039
2047
2006
1966
1964
1924
1938
1902
1875
1866
1820
1798
1798
1783
1759
1746
1737
1720
1698
1670
1666
1638
1648
1618
1595
1590
1578
1550
1554
1519
1517
1491
1482
1478
1460
1449
1435
1418
1406
1384
1372
1373
1356
1340
1336
1311
1318
1298
1273
1273
