622
592
598
586
594
581
575
574
570
559
564
551
550
540
539
546
528
528
522
517
528
515
513
520
511
512
514
506
509
502
510
515
510
508
516
505
516
509
512
520
512
520
521
514
527
526
527
524
521
526
534
527
535
531
538
541
541
542
556
558
567
567
576
579
583
587
599
591
608
618
617
647
650
667
683
691
712
721
721
750
761
761
784
793
823
826
851
877
892
911
927
943
963
974
993
1006
1019
1033
1061
1074
1107
1120
1153
1187
1207
1235
1268
1290
1338
1364
1393
1422
1464
1487
1542
1567
1603
1648
1660
1725
1756
1782
1793
1823
1840
1882
1908
1931
1960
1975
2010
2029
2051
2058
2067
2104
2079
2092
2099
2107
2114
2102
2123
2114
2099
2082
2060
2050
2016
1977
1946
1946
1934
1902
1918
1923
1940
1976
2019
2063
2103
2174
2226
2253
2306
2323
2358
2399
2392
2399
2427
2430
2432
2416
2410
2423
2411
2390
2398
2387
2386
2362
2366
2378
2341
2343
2324
2308
2284
2254
2256
2268
2234
2210
2216
2186
2195
2186
2182
2190
2157
2148
2146
2119
2134
2078
2087
2062
2058
2038
2054
2011
2018
1992
1986
1983
1964
1955
1942
1919
1912
1919
1904
1883
1863
1834
1838
1826
1810
1791
1768
1783
1747
1745
1712
1699
1691
1676
1658
1653
1623
1602
1599
1586
1558
1558
1525
1506
1499
1476
1477
1464
1435
1439
1424
1415
1399
1383
1378
1346
1347
1338
1319
1327
1287
1284
1273
1251
1252
1252
1223
1221
1206
1202
1188
1174
1174
1156
1138
1139
1130
1125
1118
1090
1087
1084
1072
1063
