628
608
608
594
600
595
589
586
574
571
574
560
562
556
543
552
540
539
533
528
532
526
522
524
519
523
528
511
520
519
518
522
515
518
518
514
518
514
511
525
512
523
523
514
529
521
525
525
525
519
532
523
531
526
528
537
525
537
544
541
551
553
551
560
562
564
575
572
584
588
589
607
610
620
630
630
653
654
667
683
678
692
708
705
730
738
755
780
786
803
826
832
858
859
868
884
894
908
929
933
978
982
1009
1043
1056
1078
1108
1134
1175
1183
1215
1239
1264
1290
1338
1361
1394
1428
1459
1498
1526
1553
1574
1603
1613
1646
1680
1681
1730
1753
1766
1798
1836
1830
1846
1872
1858
1872
1887
1906
1904
1890
1900
1906
1888
1883
1886
1878
1855
1835
1811
1800
1791
1779
1803
1801
1818
1844
1886
1938
1944
2000
2039
2062
2088
2111
2135
2154
2167
2166
2166
2167
2171
2163
2148
2156
2142
2121
2142
2106
2108
2090
2077
2098
2063
2064
2040
2026
2011
1994
1980
1976
1974
1975
1971
1950
1938
1930
1923
1929
1910
1888
1908
1885
1878
1847
1847
1828
1827
1818
1802
1787
1795
1764
1766
1767
1751
1736
1730
1715
1714
1703
1692
1682
1670
1648
1639
1619
1616
1607
1591
1594
1573
1550
1547
1529
1506
1508
1498
1481
1458
1440
1431
1419
1416
1396
1378
1362
1356
1330
1331
1328
1310
1294
1287
1266
1269
1247
1237
1218
1229
1212
1188
1202
1175
1165
1170
1137
1135
1134
1122
1110
1106
1099
1090
1075
1076
1063
1046
1061
1036
1036
1020
1003
1007
992
984
988
