618
590
598
583
584
579
575
573
562
560
562
553
546
544
541
542
534
526
528
525
527
520
512
522
507
514
521
511
520
508
512
510
512
514
507
503
506
507
505
522
509
518
515
510
517
514
515
518
515
515
521
512
523
516
517
529
524
525
534
530
546
538
539
548
547
550
560
555
564
566
566
582
578
586
598
595
616
617
614
629
631
627
652
640
666
675
673
699
700
707
724
726
744
745
758
764
768
782
794
807
832
839
843
875
891
902
928
943
981
983
1008
1024
1053
1071
1100
1126
1154
1182
1198
1232
1243
1255
1290
1280
1314
1311
1329
1354
1375
1379
1395
1411
1441
1427
1424
1444
1435
1431
1425
1418
1404
1402
1394
1402
1358
1357
1343
1306
1279
1259
1236
1217
1208
1187
1212
1202
1234
1271
1312
1374
1421
1489
1564
1610
1667
1712
1748
1795
1800
1828
1854
1850
1871
1862
1864
1875
1867
1858
1886
1860
1864
1854
1847
1850
1834
1823
1830
1805
1807
1787
1775
1790
1767
1757
1759
1748
1734
1732
1734
1740
1717
1699
1701
1680
1675
1653
1655
1648
1642
1634
1634
1601
1612
1606
1594
1590
1574
1580
1572
1552
1559
1535
1526
1534
1491
1483
1499
1463
1458
1450
1441
1445
1418
1424
1404
1385
1383
1363
1359
1348
1321
1299
1315
1273
1282
1266
1249
1249
1242
1208
1214
1192
1187
1182
1176
1171
1154
1140
1145
1113
1122
1118
1098
1106
1079
1080
1073
1052
1052
1054
1033
1038
1018
1015
997
996
993
970
975
975
951
960
953
943
931
926
910
915
