620
602
598
586
592
583
570
574
559
562
560
551
545
545
540
543
533
534
526
517
527
519
517
524
510
513
519
506
512
513
506
518
511
506
519
502
508
504
510
514
510
512
509
505
519
508
509
511
517
508
518
507
515
510
512
520
513
519
518
524
528
522
523
528
525
532
538
527
539
541
537
546
533
542
550
534
548
544
539
542
544
548
550
542
557
551
552
562
552
562
563
555
571
568
574
572
571
580
583
574
594
587
594
615
608
611
624
635
647
651
671
676
698
707
747
759
783
805
843
871
895
926
963
987
1033
1075
1098
1126
1190
1220
1275
1302
1357
1395
1435
1484
1503
1544
1574
1624
1634
1659
1686
1714
1734
1759
1772
1796
1800
1786
1811
1810
1807
1809
1840
1859
1884
1911
1950
2014
2043
2091
2134
2171
2188
2230
2243
2286
2288
2286
2308
2308
2333
2311
2288
2301
2303
2273
2302
2291
2295
2288
2282
2285
2242
2267
2250
2232
2210
2191
2194
2204
2164
2166
2175
2153
2151
2138
2144
2144
2119
2091
2107
2077
2087
2047
2046
2014
2007
2013
1994
1963
1975
1966
1955
1958
1943
1924
1934
1898
1908
1893
1876
1860
1823
1814
1834
1778
1778
1758
1740
1744
1731
1717
1716
1663
1683
1642
1634
1626
1594
1570
1574
1547
1542
1527
1509
1495
1467
1449
1451
1450
1414
1402
1392
1395
1384
1373
1360
1340
1354
1323
1302
1294
1279
1270
1276
1234
1244
1243
1208
1221
1189
1189
1184
1159
1155
1145
1130
1138
1114
1115
1113
1092
1080
1083
1062
1070
