622
605
597
584
606
582
579
571
563
562
568
554
553
536
541
551
531
535
524
522
522
521
516
522
509
515
520
512
515
511
513
517
514
512
512
508
514
507
507
517
511
511
516
503
520
514
518
514
511
509
516
507
518
516
512
517
514
520
520
519
522
524
522
534
528
536
544
532
547
542
538
551
543
549
553
545
552
547
547
554
551
547
555
543
557
562
560
562
558
568
575
567
582
571
580
586
583
587
591
588
604
603
610
624
627
642
652
655
682
685
714
725
752
760
791
816
850
882
911
958
983
1024
1068
1106
1136
1185
1223
1265
1335
1368
1419
1449
1526
1538
1583
1650
1666
1698
1737
1775
1810
1830
1851
1883
1895
1900
1934
1947
1954
1945
1940
1941
1969
1952
1982
1995
2026
2042
2091
2162
2180
2220
2278
2326
2335
2354
2402
2430
2418
2436
2442
2443
2458
2447
2448
2458
2447
2413
2454
2408
2422
2414
2409
2418
2395
2376
2374
2357
2342
2318
2327
2325
2294
2296
2286
2257
2262
2250
2246
2257
2224
2218
2206
2191
2192
2155
2156
2138
2125
2115
2099
2078
2090
2075
2032
2055
2031
2015
2018
1990
1987
1983
1966
1939
1922
1916
1901
1876
1858
1842
1822
1826
1820
1790
1784
1763
1742
1734
1711
1706
1680
1651
1652
1624
1624
1584
1570
1555
1547
1515
1511
1494
1485
1472
1456
1452
1442
1407
1416
1389
1394
1371
1346
1360
1339
1330
1319
1299
1295
1286
1269
1271
1243
1247
1227
1213
1197
1181
1182
1180
1162
1164
1151
1135
1126
1110
1112
1100
