639
599
601
587
597
583
579
582
572
567
568
554
557
542
540
547
532
533
530
520
531
519
517
516
509
518
520
506
515
515
508
510
514
512
514
508
510
509
512
522
515
512
519
513
523
518
521
519
521
518
524
514
524
518
515
526
520
526
528
531
527
526
527
536
534
543
543
544
551
548
547
559
553
562
566
560
568
566
563
567
568
564
572
563
575
580
570
586
583
591
592
599
607
605
616
618
616
632
645
651
667
675
680
707
718
742
767
792
827
854
882
920
956
986
1034
1069
1121
1175
1212
1274
1309
1370
1430
1477
1535
1594
1644
1705
1754
1806
1864
1911
1962
2017
2059
2126
2138
2166
2199
2226
2258
2260
2308
2330
2315
2338
2347
2343
2336
2311
2283
2298
2279
2262
2285
2278
2299
2347
2379
2454
2494
2535
2618
2656
2678
2716
2738
2771
2774
2802
2791
2791
2810
2790
2787
2771
2754
2750
2765
2750
2726
2718
2716
2720
2678
2678
2658
2644
2600
2593
2591
2579
2565
2555
2557
2538
2499
2499
2494
2482
2482
2462
2442
2431
2423
2407
2388
2354
2363
2339
2330
2299
2301
2283
2266
2283
2262
2231
2226
2186
2181
2181
2152
2150
2122
2117
2094
2067
2052
2032
2022
2019
1990
1969
1956
1931
1914
1892
1877
1867
1823
1798
1811
1782
1766
1740
1734
1711
1700
1651
1648
1630
1622
1594
1594
1586
1562
1542
1539
1511
1498
1480
1474
1463
1439
1418
1418
1399
1390
1390
1374
1366
1348
1332
1328
1308
1301
1286
1257
1266
1248
1236
1234
1207
1213
1193
1175
1170
