591
570
565
560
567
555
558
548
545
539
537
531
535
521
526
524
518
515
512
500
516
505
503
503
500
498
506
490
500
496
494
502
494
498
498
495
496
494
493
504
493
496
503
498
503
509
506
508
502
507
504
503
510
503
507
512
509
515
519
518
530
519
525
536
532
531
547
530
552
555
550
567
569
571
587
577
602
594
602
610
612
617
626
621
642
644
653
675
660
683
697
702
710
718
720
741
744
751
763
774
800
802
816
842
855
876
887
919
958
967
1006
1032
1067
1085
1123
1143
1176
1203
1238
1279
1298
1339
1375
1393
1440
1466
1506
1529
1557
1591
1618
1638
1676
1668
1686
1727
1716
1743
1731
1770
1766
1758
1759
1782
1755
1758
1771
1751
1731
1716
1699
1690
1671
1654
1666
1667
1680
1722
1756
1783
1819
1868
1918
1951
1981
1995
2002
2043
2031
2022
2034
2044
2054
2038
2025
2030
2022
2011
2018
2010
1994
1983
1991
1994
1962
1961
1945
1921
1911
1899
1897
1900
1882
1865
1870
1840
1855
1828
1838
1830
1810
1811
1810
1790
1793
1762
1763
1744
1726
1739
1721
1699
1710
1706
1675
1690
1651
1652
1647
1642
1623
1632
1610
1606
1577
1572
1563
1558
1544
1522
1515
1512
1506
1483
1481
1468
1458
1434
1432
1419
1402
1390
1383
1362
1346
1343
1331
1320
1300
1285
1291
1280
1258
1250
1226
1233
1203
1190
1198
1166
1185
1163
1141
1144
1118
1124
1127
1091
1103
1094
1070
1079
1074
1056
1048
1039
1034
1015
1017
1007
999
999
999
970
982
970
961
960
