622
602
598
592
596
581
576
576
562
562
563
555
553
542
544
542
532
531
530
522
533
520
523
517
512
512
519
507
515
507
509
514
512
516
513
507
510
510
511
524
513
519
517
514
527
523
522
529
524
529
531
527
528
531
531
538
528
533
539
542
555
544
550
554
560
558
565
559
578
571
574
592
592
591
602
593
615
604
612
612
611
613
619
613
624
633
634
656
644
656
668
670
684
688
692
716
718
724
738
750
782
787
802
840
861
890
928
950
1000
1024
1074
1103
1155
1194
1247
1284
1331
1392
1442
1499
1546
1597
1647
1695
1754
1784
1846
1882
1934
1968
2015
2038
2090
2112
2130
2200
2170
2202
2253
2259
2274
2276
2294
2327
2286
2291
2321
2305
2284
2258
2239
2226
2258
2222
2224
2244
2266
2278
2330
2378
2402
2447
2490
2516
2555
2559
2583
2611
2626
2622
2608
2619
2623
2612
2598
2595
2598
2570
2583
2563
2544
2547
2524
2543
2506
2471
2492
2443
2443
2410
2419
2416
2408
2369
2382
2370
2354
2328
2335
2325
2299
2303
2302
2278
2276
2243
2235
2218
2195
2188
2166
2159
2160
2138
2114
2128
2108
2100
2087
2059
2059
2026
2012
2004
1991
1970
1973
1939
1914
1900
1887
1882
1874
1852
1842
1815
1790
1787
1752
1749
1723
1707
1692
1654
1654
1626
1629
1607
1587
1562
1563
1549
1531
1504
1507
1493
1475
1450
1450
1429
1433
1407
1394
1392
1375
1366
1367
1333
1324
1314
1291
1296
1280
1264
1258
1239
1242
1227
1190
1204
1193
1190
1169
1163
1152
1139
1126
1123
