629
603
595
593
593
591
582
579
573
560
569
558
556
549
540
545
535
534
533
526
528
523
518
525
513
518
520
508
512
510
510
516
515
511
512
505
512
508
506
517
506
507
510
508
519
516
512
516
507
513
516
512
518
507
514
519
508
515
519
512
526
517
523
525
523
532
537
524
538
536
526
543
535
538
538
534
548
540
540
543
543
542
551
532
553
549
548
554
553
559
561
553
558
556
561
567
561
563
571
565
579
572
576
587
586
588
603
599
613
610
612
633
645
652
672
690
708
726
747
786
801
822
866
892
922
945
981
1018
1054
1090
1132
1159
1206
1232
1270
1326
1330
1360
1387
1404
1450
1450
1464
1497
1481
1490
1519
1495
1493
1482
1474
1474
1487
1475
1517
1517
1558
1605
1651
1731
1763
1822
1886
1951
1999
2034
2067
2106
2130
2132
2160
2170
2174
2175
2159
2184
2192
2176
2174
2166
2158
2174
2163
2196
2130
2138
2140
2114
2110
2099
2099
2087
2078
2067
2072
2045
2045
2039
2025
2031
2010
2004
2010
1986
1988
1967
1942
1917
1907
1918
1895
1882
1886
1873
1858
1860
1850
1826
1842
1798
1831
1805
1777
1754
1756
1746
1730
1707
1707
1679
1675
1678
1649
1630
1621
1618
1592
1578
1578
1553
1535
1511
1519
1483
1479
1458
1440
1431
1416
1389
1386
1370
1355
1340
1336
1338
1326
1307
1297
1271
1288
1268
1254
1238
1225
1215
1211
1188
1206
1183
1162
1170
1138
1145
1134
1124
1110
1103
1079
1090
1074
1066
1072
1046
1054
1035
1022
1020
