628
606
603
595
599
589
578
583
569
566
566
557
556
556
543
547
535
534
528
523
528
526
523
517
510
515
519
508
510
516
509
517
511
513
510
503
511
505
511
515
507
513
515
509
517
515
513
519
514
515
518
509
518
515
517
519
519
518
520
519
525
519
527
524
525
534
538
530
541
538
537
551
538
546
552
539
553
551
553
554
553
553
556
549
555
551
552
569
563
566
576
567
578
574
575
580
586
584
598
588
608
603
611
626
619
636
653
666
685
699
723
740
771
795
846
858
903
940
987
1052
1090
1146
1203
1253
1311
1366
1425
1488
1548
1584
1662
1706
1771
1823
1866
1922
1943
1991
2037
2075
2099
2123
2126
2155
2156
2160
2179
2160
2170
2143
2114
2123
2109
2085
2107
2114
2142
2202
2248
2318
2362
2426
2510
2562
2587
2625
2650
2700
2702
2697
2724
2732
2722
2719
2718
2720
2707
2690
2704
2670
2674
2655
2640
2654
2629
2626
2587
2580
2551
2524
2541
2543
2527
2503
2490
2463
2455
2438
2460
2446
2439
2411
2411
2394
2384
2366
2352
2322
2322
2318
2298
2275
2291
2246
2234
2259
2224
2202
2190
2170
2155
2160
2146
2123
2086
2082
2074
2029
2020
2006
1996
1990
1982
1942
1940
1918
1899
1884
1873
1851
1806
1803
1778
1757
1755
1730
1698
1691
1668
1646
1640
1626
1591
1603
1570
1580
1550
1532
1529
1494
1487
1478
1452
1438
1430
1419
1424
1379
1375
1368
1346
1362
1336
1329
1306
1292
1298
1262
1250
1255
1231
1236
1219
1207
1206
1191
1171
1178
