629
608
606
594
607
591
579
585
572
565
568
561
554
547
547
544
535
535
529
525
530
522
522
519
516
516
526
508
519
510
512
520
515
512
511
510
508
514
514
520
512
517
515
512
521
518
518
524
514
514
523
513
525
517
520
523
518
522
525
524
529
524
529
535
530
536
542
537
553
550
539
558
552
555
550
554
555
554
551
558
558
554
558
548
565
563
558
566
569
571
580
573
590
584
582
586
588
587
599
594
611
608
614
635
639
646
660
668
694
705
730
746
774
786
825
851
895
923
964
998
1054
1087
1145
1179
1222
1271
1304
1358
1411
1467
1511
1570
1612
1651
1699
1756
1770
1794
1846
1879
1894
1906
1928
1947
1948
1952
1979
1966
1945
1931
1924
1902
1905
1890
1914
1926
1967
2021
2081
2155
2195
2285
2370
2442
2456
2527
2561
2630
2634
2659
2675
2686
2690
2684
2666
2679
2679
2664
2688
2668
2666
2647
2666
2675
2646
2631
2623
2591
2575
2578
2570
2558
2526
2522
2522
2506
2498
2484
2483
2495
2457
2460
2442
2411
2422
2386
2375
2335
2352
2326
2295
2290
2310
2277
2267
2271
2248
2226
2214
2195
2192
2183
2158
2162
2126
2106
2077
2075
2058
2041
2012
2014
1991
1981
1954
1923
1919
1902
1877
1867
1834
1807
1802
1774
1769
1748
1728
1718
1682
1655
1662
1632
1622
1622
1594
1590
1570
1548
1548
1511
1519
1500
1483
1478
1446
1434
1438
1402
1403
1386
1378
1374
1355
1339
1334
1313
1307
1295
1263
1276
1259
1250
1251
1230
1229
1193
1198
1192
