598
581
573
563
571
555
559
557
546
546
543
536
533
525
527
526
519
518
508
509
516
504
503
507
497
504
506
499
500
501
496
506
496
498
496
497
496
498
500
506
496
505
506
502
515
501
507
507
508
502
515
504
513
503
509
513
507
509
520
514
522
516
520
528
524
527
536
532
540
537
538
551
548
551
554
554
558
563
552
565
559
558
568
559
570
576
572
592
585
590
599
592
606
605
607
611
617
618
631
631
651
642
651
666
674
685
705
709
731
750
768
793
806
827
855
872
907
931
958
988
1021
1050
1099
1125
1172
1202
1248
1287
1342
1369
1443
1456
1486
1531
1546
1611
1627
1639
1691
1710
1742
1753
1803
1823
1811
1842
1882
1870
1891
1867
1886
1879
1870
1870
1886
1890
1910
1948
1944
2004
2007
2047
2090
2098
2116
2111
2136
2167
2154
2146
2172
2152
2157
2162
2139
2158
2141
2134
2142
2111
2118
2110
2123
2118
2074
2084
2061
2071
2043
2022
2022
2021
1986
1991
1987
1982
1970
1956
1944
1946
1936
1932
1927
1916
1904
1899
1881
1858
1858
1844
1831
1820
1830
1818
1798
1814
1779
1758
1770
1766
1738
1723
1702
1712
1695
1675
1678
1666
1660
1624
1603
1626
1589
1592
1583
1562
1543
1534
1511
1524
1483
1464
1466
1440
1454
1431
1415
1401
1375
1365
1364
1351
1322
1335
1296
1306
1291
1266
1272
1230
1243
1230
1199
1206
1184
1190
1186
1162
1155
1154
1135
1138
1129
1114
1119
1093
1083
1075
1058
1065
1054
1042
1046
1032
1020
1013
1002
1004
