600
576
572
559
573
563
556
561
539
545
544
534
537
526
522
532
516
518
514
502
517
509
502
502
499
502
503
495
498
496
495
503
497
499
499
491
498
498
494
510
500
505
508
498
510
506
512
507
512
509
519
509
515
511
510
518
516
526
523
532
533
535
540
550
546
547
564
552
565
566
571
585
582
600
609
609
623
627
623
637
639
647
655
658
682
691
694
716
714
735
746
744
762
776
781
795
802
806
826
832
866
882
891
925
950
967
1006
1027
1073
1084
1119
1152
1202
1219
1264
1304
1344
1381
1426
1472
1511
1535
1560
1602
1623
1671
1690
1712
1743
1782
1808
1834
1858
1870
1875
1917
1902
1924
1947
1947
1950
1942
1966
1968
1954
1948
1937
1947
1926
1902
1888
1878
1883
1861
1894
1869
1908
1946
1994
2026
2074
2118
2150
2189
2199
2231
2243
2274
2266
2269
2280
2279
2286
2270
2278
2262
2252
2239
2250
2234
2224
2226
2206
2214
2181
2179
2167
2160
2153
2102
2130
2113
2091
2074
2066
2072
2043
2055
2036
2058
2022
1999
2010
1996
1995
1956
1958
1930
1934
1899
1895
1882
1895
1878
1870
1882
1854
1844
1827
1835
1808
1805
1781
1776
1746
1744
1740
1710
1691
1692
1659
1663
1654
1634
1618
1615
1586
1587
1567
1549
1541
1499
1514
1494
1483
1449
1452
1446
1420
1402
1391
1386
1370
1351
1350
1352
1311
1310
1296
1286
1283
1271
1251
1250
1225
1210
1221
1191
1186
1188
1163
1170
1142
1136
1130
1127
1116
1100
1088
1087
1084
1076
1074
1048
1047
1028
1019
1022
