604
586
581
570
576
570
560
560
551
549
550
538
540
534
533
530
520
517
516
502
519
507
509
507
503
502
512
499
504
503
506
506
503
496
504
495
502
497
503
504
504
508
510
502
519
515
515
512
514
515
519
512
522
519
521
523
523
528
534
528
543
540
545
555
551
558
573
563
574
574
583
594
597
609
622
622
638
642
645
653
667
663
679
671
700
719
720
754
750
765
776
789
807
818
825
846
850
859
885
891
919
942
957
1001
1004
1043
1079
1111
1146
1168
1210
1250
1295
1318
1378
1409
1452
1495
1538
1603
1636
1668
1703
1734
1761
1786
1824
1859
1887
1935
1978
1971
2007
2038
2039
2083
2070
2086
2097
2109
2119
2098
2116
2128
2109
2118
2092
2084
2078
2034
2023
2021
2005
1975
2004
2007
2045
2085
2123
2190
2217
2274
2322
2364
2388
2399
2432
2460
2482
2486
2476
2498
2479
2471
2458
2463
2444
2440
2462
2439
2443
2416
2422
2424
2375
2382
2363
2348
2330
2315
2313
2304
2281
2271
2282
2246
2222
2214
2234
2225
2187
2194
2210
2176
2168
2124
2124
2114
2110
2092
2070
2058
2052
2050
2012
2012
2008
1976
1982
1952
1968
1956
1915
1923
1883
1878
1861
1853
1842
1805
1804
1802
1781
1778
1759
1743
1718
1705
1684
1687
1650
1630
1631
1612
1597
1585
1548
1546
1526
1502
1490
1477
1474
1459
1439
1435
1421
1403
1392
1374
1374
1363
1342
1339
1331
1308
1303
1277
1271
1260
1246
1244
1242
1217
1211
1193
1180
1175
1162
1154
1152
1141
1141
1114
1112
1102
1096
1079
