630
599
603
588
593
586
586
580
575
566
566
554
559
546
543
544
532
537
529
523
531
523
516
523
510
517
519
503
518
513
512
518
513
511
510
512
508
511
506
523
514
518
518
512
524
514
514
518
514
512
524
509
521
518
516
524
523
522
523
527
534
526
530
537
533
541
546
534
550
546
543
551
552
553
555
547
555
554
550
558
550
556
554
554
566
563
561
575
572
575
584
578
587
592
583
603
594
603
611
608
637
631
654
663
670
687
715
720
754
762
797
822
842
875
909
939
1000
1031
1078
1119
1154
1206
1236
1277
1335
1366
1415
1459
1507
1542
1598
1635
1686
1723
1731
1790
1790
1835
1854
1875
1910
1911
1933
1943
1936
1928
1960
1938
1919
1911
1899
1891
1887
1860
1886
1891
1926
1970
2015
2047
2110
2158
2215
2263
2290
2332
2342
2375
2387
2387
2407
2416
2426
2406
2404
2406
2398
2366
2402
2362
2379
2375
2354
2382
2335
2354
2328
2302
2283
2268
2259
2274
2243
2230
2247
2207
2214
2196
2181
2186
2166
2151
2155
2128
2123
2102
2106
2078
2070
2062
2044
2027
2023
2006
1996
1998
1990
1968
1960
1941
1934
1918
1897
1899
1856
1860
1832
1819
1811
1795
1772
1780
1754
1738
1734
1698
1693
1682
1671
1646
1630
1597
1603
1583
1557
1551
1529
1518
1507
1478
1471
1459
1445
1446
1427
1430
1399
1380
1387
1358
1376
1341
1327
1303
1307
1294
1287
1255
1247
1259
1231
1236
1228
1207
1192
1178
1178
1163
1150
1145
1134
1126
1112
1106
1094
1088
1085
1076
