587
566
566
554
560
560
547
549
542
538
541
531
532
523
517
516
516
510
506
504
509
504
500
502
494
500
505
494
495
498
495
503
494
496
493
490
492
494
490
508
495
495
498
487
505
499
502
501
496
498
503
492
508
500
499
512
503
506
507
512
514
512
505
522
515
524
528
514
531
528
527
539
535
531
546
528
545
542
530
541
543
539
548
537
549
554
546
563
550
562
566
558
573
567
575
575
571
575
588
582
602
599
603
623
627
631
645
650
670
679
698
707
734
750
771
796
821
844
875
913
930
958
996
1016
1049
1083
1123
1151
1186
1211
1252
1272
1321
1335
1374
1422
1425
1439
1471
1486
1514
1530
1552
1571
1570
1580
1595
1596
1616
1605
1594
1616
1616
1620
1634
1638
1684
1700
1707
1742
1766
1779
1830
1835
1851
1866
1887
1912
1903
1907
1907
1915
1920
1902
1894
1912
1894
1900
1906
1893
1904
1882
1874
1894
1867
1861
1847
1851
1834
1825
1814
1819
1802
1798
1796
1777
1772
1762
1763
1781
1744
1746
1741
1731
1727
1695
1691
1672
1675
1675
1647
1643
1663
1635
1623
1638
1615
1619
1619
1595
1575
1571
1566
1558
1523
1526
1520
1498
1499
1467
1480
1468
1462
1442
1445
1419
1414
1388
1378
1390
1358
1342
1340
1323
1316
1298
1280
1283
1254
1246
1239
1226
1221
1204
1201
1203
1181
1170
1180
1142
1157
1139
1119
1119
1109
1096
1095
1065
1071
1072
1055
1058
1039
1031
1035
1018
1003
1000
994
999
971
970
971
959
953
936
939
931
