594
572
564
556
562
555
544
549
536
539
532
524
529
523
522
518
516
512
512
503
505
503
500
500
494
497
499
496
495
492
494
497
492
496
496
489
491
492
498
505
495
498
503
493
511
500
506
509
503
506
509
501
508
511
503
513
506
512
515
511
523
519
523
527
527
533
543
539
550
546
549
562
556
562
568
570
582
582
581
590
587
596
603
591
612
615
621
634
636
643
657
651
670
673
676
698
694
708
724
721
738
747
756
781
788
808
831
855
895
906
938
954
992
1010
1052
1074
1111
1148
1187
1217
1250
1278
1317
1350
1392
1428
1444
1496
1532
1559
1591
1607
1642
1654
1673
1730
1707
1725
1762
1776
1790
1782
1815
1832
1810
1827
1831
1816
1818
1816
1790
1783
1777
1746
1783
1776
1779
1796
1820
1847
1881
1912
1938
1951
1962
1975
1980
1998
2005
2015
2012
2003
2003
2002
2002
2008
1990
1974
1987
1950
1961
1951
1936
1950
1918
1918
1914
1894
1876
1872
1858
1868
1851
1838
1858
1823
1804
1810
1810
1796
1783
1777
1774
1744
1762
1742
1735
1716
1700
1714
1687
1672
1687
1662
1641
1655
1656
1636
1631
1595
1615
1586
1581
1582
1564
1559
1543
1526
1520
1491
1503
1494
1470
1474
1463
1431
1432
1424
1410
1413
1387
1367
1360
1342
1342
1328
1316
1293
1290
1270
1266
1259
1241
1230
1228
1224
1194
1194
1189
1154
1172
1148
1130
1140
1121
1110
1111
1087
1083
1079
1065
1077
1056
1043
1049
1024
1027
1010
996
998
994
990
987
967
972
959
943
948
