599
576
579
562
575
566
557
562
545
545
544
532
534
526
526
529
516
518
510
506
518
506
503
505
499
500
513
498
503
495
491
502
499
505
503
494
498
503
499
509
501
505
506
505
512
506
506
512
509
504
519
508
518
513
515
516
523
517
521
529
531
527
526
544
539
545
549
549
555
558
561
573
566
571
583
574
596
587
586
592
594
596
606
599
615
619
621
636
634
643
655
652
666
667
681
691
690
702
721
727
755
747
781
801
822
843
875
893
932
945
985
1022
1060
1086
1145
1168
1212
1246
1300
1350
1387
1427
1474
1509
1535
1569
1615
1638
1699
1718
1746
1781
1811
1834
1849
1887
1900
1918
1930
1943
1938
1930
1956
1962
1936
1938
1944
1924
1900
1886
1850
1848
1840
1822
1826
1846
1876
1923
1967
2039
2086
2150
2222
2257
2314
2321
2352
2389
2386
2388
2393
2421
2417
2403
2381
2402
2375
2378
2375
2354
2353
2335
2352
2368
2322
2316
2310
2282
2267
2234
2251
2234
2210
2196
2202
2183
2179
2166
2171
2176
2143
2138
2142
2116
2115
2082
2072
2039
2042
2028
2011
1995
2004
1986
1965
1982
1958
1931
1954
1903
1920
1890
1879
1883
1843
1850
1834
1807
1805
1781
1772
1769
1751
1724
1706
1698
1692
1665
1647
1655
1607
1603
1595
1558
1557
1544
1526
1506
1486
1474
1458
1449
1426
1421
1424
1403
1378
1364
1351
1350
1347
1338
1318
1310
1292
1291
1267
1246
1239
1237
1215
1216
1211
1191
1191
1174
1168
1146
1136
1136
1116
1110
1106
1087
1090
1072
1073
1062
