603
583
574
571
573
563
559
558
550
542
547
538
544
533
526
530
519
521
514
503
514
509
504
503
494
502
503
501
497
498
495
505
498
498
495
496
500
498
504
503
501
500
515
502
516
509
515
516
512
516
518
511
519
515
515
523
518
519
522
528
535
523
540
539
545
542
554
548
564
563
565
576
575
582
588
590
599
599
606
608
609
610
617
613
634
635
635
650
651
659
675
672
686
688
700
711
717
718
740
739
775
774
788
813
830
842
868
893
927
943
976
1011
1043
1069
1108
1134
1190
1220
1263
1305
1340
1382
1434
1460
1510
1559
1599
1649
1688
1724
1759
1795
1826
1855
1873
1934
1906
1944
1975
1989
2022
2027
2054
2079
2065
2079
2103
2084
2100
2070
2061
2075
2063
2047
2052
2058
2063
2090
2104
2140
2142
2199
2215
2215
2227
2246
2254
2286
2276
2274
2269
2270
2282
2276
2243
2265
2230
2231
2222
2212
2220
2186
2185
2199
2159
2158
2142
2134
2098
2103
2098
2087
2055
2058
2075
2027
2021
2002
2014
2014
2004
1990
1998
1960
1973
1936
1935
1923
1904
1902
1887
1872
1867
1847
1836
1852
1826
1819
1816
1789
1783
1756
1765
1757
1723
1722
1716
1690
1686
1671
1652
1670
1634
1626
1616
1597
1592
1573
1546
1543
1514
1520
1503
1483
1468
1456
1436
1428
1415
1379
1382
1382
1354
1346
1331
1329
1313
1294
1290
1269
1277
1246
1243
1246
1217
1201
1200
1191
1185
1180
1150
1161
1138
1132
1135
1108
1114
1108
1088
1084
1065
1060
1060
1047
1046
1032
1022
1010
