623
600
595
590
601
586
580
583
569
567
564
552
555
546
542
550
536
534
529
523
528
522
515
528
511
519
518
509
510
517
507
518
508
513
507
506
507
510
507
518
512
511
512
504
516
512
510
514
509
511
510
506
515
508
507
511
512
514
518
520
521
522
515
531
523
530
531
526
537
535
533
538
536
531
542
528
546
542
537
540
542
541
544
535
550
544
544
557
550
558
556
554
561
558
561
564
558
561
567
556
571
569
571
583
574
579
586
587
601
596
602
610
616
630
639
648
671
675
702
721
731
751
782
795
832
847
877
899
947
970
1011
1038
1082
1115
1132
1192
1206
1228
1255
1286
1306
1319
1336
1362
1369
1384
1390
1394
1410
1375
1389
1373
1367
1377
1397
1424
1459
1494
1562
1616
1668
1740
1835
1879
1933
1979
2008
2082
2086
2092
2115
2119
2155
2151
2147
2165
2147
2150
2182
2170
2170
2167
2164
2192
2141
2154
2135
2138
2128
2094
2090
2114
2072
2080
2078
2070
2038
2048
2034
2041
2024
2013
2026
2003
1988
1972
1958
1934
1934
1919
1929
1913
1902
1887
1872
1901
1869
1854
1852
1818
1827
1831
1798
1790
1775
1767
1735
1716
1719
1707
1689
1698
1662
1650
1638
1627
1606
1594
1584
1578
1542
1530
1524
1496
1485
1480
1455
1436
1420
1405
1399
1376
1376
1373
1346
1358
1327
1316
1314
1289
1303
1278
1266
1260
1248
1218
1230
1203
1190
1191
1187
1172
1164
1151
1142
1122
1119
1112
1096
1094
1085
1075
1074
1056
1054
1042
1033
1024
