639
622
614
607
610
592
598
587
575
575
579
568
564
551
549
551
543
541
532
529
540
523
526
527
520
525
528
514
521
515
522
526
518
519
519
516
522
519
521
525
522
528
531
520
532
530
531
537
528
533
538
529
539
528
535
537
536
536
549
542
556
552
547
561
562
566
570
567
578
570
578
594
587
588
601
589
599
598
595
610
605
600
605
600
616
620
615
638
627
638
654
646
652
662
662
677
680
694
702
706
740
741
764
783
806
832
866
889
932
950
1004
1030
1080
1112
1168
1216
1282
1334
1386
1457
1498
1561
1598
1652
1726
1760
1838
1879
1934
1974
2035
2090
2143
2158
2213
2279
2291
2313
2358
2366
2392
2403
2418
2448
2426
2455
2482
2478
2459
2442
2416
2423
2446
2410
2443
2444
2470
2526
2570
2611
2636
2699
2738
2766
2768
2802
2810
2854
2862
2843
2867
2867
2874
2838
2822
2834
2826
2794
2814
2786
2778
2776
2762
2775
2718
2730
2726
2691
2664
2635
2628
2630
2600
2586
2596
2574
2563
2554
2554
2558
2518
2510
2507
2482
2488
2440
2459
2403
2406
2392
2371
2346
2346
2326
2312
2324
2290
2272
2267
2254
2250
2238
2218
2207
2154
2155
2137
2107
2104
2086
2052
2062
2022
2010
2014
1970
1959
1951
1937
1928
1871
1845
1842
1809
1799
1777
1756
1751
1700
1688
1687
1661
1642
1620
1623
1606
1597
1575
1566
1535
1547
1523
1498
1507
1488
1465
1449
1443
1424
1423
1399
1396
1377
1362
1357
1320
1319
1303
1282
1301
1276
1266
1262
1243
1234
1213
1215
1203
