617
590
587
581
589
576
571
574
562
557
556
550
550
541
536
543
532
533
525
519
522
517
518
515
510
510
516
501
509
505
505
513
506
504
508
503
501
506
503
506
504
505
502
495
510
499
500
506
501
501
506
498
504
502
500
506
504
505
506
503
508
504
506
508
503
517
511
503
515
514
507
519
509
512
519
508
525
516
514
520
515
515
519
509
525
521
516
529
515
523
526
523
524
526
525
523
525
519
529
521
537
530
531
535
535
535
542
541
552
551
553
559
562
573
583
582
607
611
635
647
652
668
701
711
731
758
776
807
839
859
895
912
955
982
1006
1054
1060
1085
1106
1115
1149
1165
1174
1200
1201
1217
1233
1215
1218
1223
1211
1211
1200
1223
1218
1248
1286
1319
1363
1415
1468
1519
1594
1631
1671
1722
1755
1799
1816
1826
1838
1854
1868
1861
1862
1902
1878
1866
1895
1869
1892
1873
1878
1899
1857
1872
1857
1850
1834
1826
1830
1814
1816
1795
1810
1785
1766
1784
1788
1770
1762
1754
1757
1742
1742
1719
1714
1706
1676
1689
1683
1674
1682
1657
1648
1653
1646
1618
1623
1596
1590
1588
1574
1574
1538
1558
1530
1524
1507
1506
1475
1498
1475
1454
1456
1442
1422
1406
1398
1398
1370
1352
1360
1327
1331
1301
1286
1283
1274
1248
1243
1244
1227
1218
1199
1202
1191
1175
1168
1161
1168
1142
1134
1125
1124
1105
1095
1074
1075
1077
1058
1062
1044
1052
1033
1020
1017
1008
998
1003
984
987
981
954
961
950
940
943
