601
574
568
569
569
559
556
562
542
548
545
537
532
528
522
529
514
513
514
506
513
506
504
506
500
502
507
494
498
498
492
501
495
497
499
492
491
494
494
506
493
502
498
492
508
496
503
500
502
504
507
497
504
499
500
506
498
500
511
507
512
507
511
515
512
521
518
512
531
527
523
534
525
531
534
527
542
532
534
536
537
537
540
530
544
545
545
552
546
559
555
550
562
566
558
570
569
571
584
571
588
589
593
600
604
614
632
632
657
658
679
683
708
730
751
765
801
833
842
892
904
951
986
1006
1063
1106
1138
1174
1227
1270
1308
1342
1399
1434
1464
1524
1534
1588
1624
1666
1685
1699
1746
1774
1779
1808
1842
1840
1850
1846
1854
1856
1866
1855
1878
1883
1920
1951
1978
2019
2032
2078
2106
2134
2146
2171
2184
2202
2199
2194
2214
2210
2224
2212
2212
2219
2206
2195
2218
2189
2189
2180
2168
2186
2155
2146
2140
2128
2115
2087
2100
2108
2060
2070
2080
2060
2039
2026
2048
2034
2023
2018
2024
1979
1995
1963
1944
1938
1933
1912
1906
1915
1898
1875
1858
1878
1855
1854
1833
1826
1823
1798
1803
1780
1754
1754
1750
1710
1694
1690
1669
1670
1661
1652
1646
1609
1604
1591
1571
1572
1547
1520
1525
1495
1506
1479
1466
1450
1427
1414
1406
1395
1361
1367
1355
1355
1330
1300
1312
1288
1292
1271
1253
1256
1236
1223
1230
1210
1187
1192
1180
1180
1164
1167
1145
1130
1133
1102
1100
1091
1093
1087
1078
1069
1054
1052
1038
1027
