594
569
564
556
570
551
550
551
537
531
542
530
531
524
522
521
512
516
506
505
507
506
499
503
489
499
498
493
495
495
497
504
496
499
496
494
497
492
504
507
497
501
506
496
515
507
511
509
512
505
520
510
518
510
511
520
512
520
521
530
532
532
532
541
542
546
550
543
563
560
563
572
578
578
595
586
603
603
607
614
613
614
622
617
642
646
654
671
674
681
691
695
713
722
723
742
743
771
784
781
806
822
835
866
875
907
937
954
998
1012
1045
1076
1116
1143
1178
1219
1270
1302
1334
1381
1421
1458
1494
1527
1578
1616
1646
1671
1707
1751
1791
1806
1853
1868
1888
1932
1929
1948
1983
1986
2012
2012
2039
2066
2051
2043
2087
2074
2079
2069
2054
2062
2051
2045
2066
2063
2104
2114
2130
2162
2162
2194
2211
2217
2222
2235
2252
2267
2255
2247
2250
2260
2247
2250
2228
2234
2219
2174
2202
2180
2192
2174
2159
2160
2136
2137
2123
2092
2086
2054
2062
2066
2045
2050
2037
2023
1997
1986
1994
1999
1967
1958
1968
1947
1941
1923
1915
1891
1887
1874
1861
1855
1848
1831
1810
1841
1802
1787
1796
1777
1768
1746
1735
1727
1719
1701
1681
1676
1653
1642
1626
1636
1615
1606
1590
1579
1563
1552
1536
1521
1509
1477
1479
1459
1450
1434
1430
1412
1390
1380
1367
1361
1340
1335
1324
1314
1289
1278
1285
1266
1264
1238
1222
1234
1198
1199
1195
1172
1164
1162
1136
1154
1124
1123
1110
1100
1094
1078
1066
1066
1062
1051
1057
1026
1033
1015
1000
998
