604
579
570
569
570
565
555
563
539
542
545
540
528
530
524
530
522
517
510
507
513
507
502
506
494
503
506
494
507
499
497
502
498
495
498
491
495
493
494
503
490
500
508
492
512
498
502
510
504
500
511
500
507
504
505
508
503
508
512
507
518
510
512
518
517
524
528
522
528
531
526
542
534
539
541
540
551
546
546
553
543
553
549
547
555
561
559
570
563
574
578
575
587
583
590
595
590
598
614
602
619
624
625
646
650
661
687
702
725
742
759
782
804
830
862
883
931
962
1003
1042
1073
1118
1174
1207
1244
1303
1340
1390
1436
1465
1530
1559
1602
1650
1648
1729
1739
1771
1808
1835
1847
1882
1898
1922
1932
1959
1968
1970
1972
1950
1950
1950
1963
1954
1959
1954
1988
2010
2054
2081
2103
2126
2190
2194
2215
2226
2235
2278
2261
2256
2275
2278
2263
2254
2251
2266
2227
2237
2242
2224
2219
2212
2198
2219
2186
2194
2166
2145
2143
2130
2115
2106
2079
2086
2082
2067
2051
2036
2036
2060
2023
2020
2007
2022
2006
1967
1952
1947
1934
1938
1915
1902
1917
1874
1871
1882
1858
1846
1844
1830
1831
1803
1806
1776
1764
1751
1739
1715
1714
1700
1674
1682
1664
1646
1635
1617
1596
1587
1574
1572
1532
1518
1531
1500
1482
1469
1466
1450
1437
1402
1410
1394
1393
1375
1346
1342
1341
1309
1314
1282
1292
1274
1255
1255
1244
1222
1215
1197
1195
1186
1177
1187
1166
1147
1140
1133
1120
1110
1103
1098
1079
1091
1068
1060
1063
1047
1036
1036
