599
574
567
559
567
561
552
553
541
543
545
535
530
525
519
527
516
518
515
503
518
503
502
505
500
501
507
494
500
499
497
506
498
502
501
496
499
499
493
506
498
503
504
493
508
508
507
507
503
507
516
505
518
508
512
514
510
516
518
522
528
519
523
537
533
539
539
537
549
548
542
560
561
554
572
560
575
569
571
579
581
581
584
586
598
603
599
620
619
626
637
634
643
646
656
669
671
676
690
695
711
727
736
762
778
798
816
833
868
885
915
938
974
999
1027
1060
1104
1146
1168
1218
1245
1282
1315
1330
1382
1412
1440
1471
1504
1527
1574
1581
1619
1642
1658
1706
1707
1719
1730
1762
1761
1768
1778
1793
1794
1790
1819
1807
1826
1787
1790
1786
1813
1791
1810
1812
1838
1841
1886
1911
1902
1939
1958
1983
1987
2007
2006
2024
2022
2012
2024
2014
2032
1990
2005
2002
1978
1966
1988
1966
1974
1966
1947
1958
1923
1922
1914
1895
1871
1875
1854
1860
1841
1833
1830
1818
1806
1791
1800
1791
1774
1769
1776
1746
1748
1723
1717
1702
1708
1680
1682
1659
1672
1666
1655
1650
1630
1627
1623
1602
1599
1594
1578
1579
1550
1536
1530
1511
1523
1499
1492
1490
1479
1451
1455
1432
1426
1414
1402
1398
1371
1351
1355
1332
1333
1313
1288
1287
1266
1244
1247
1238
1238
1214
1202
1200
1180
1173
1167
1157
1150
1149
1129
1131
1114
1096
1108
1082
1080
1079
1060
1060
1050
1039
1040
1006
1014
999
995
987
985
990
974
949
951
939
931
933
