595
571
570
557
563
553
550
552
540
540
540
535
534
526
520
524
512
518
506
507
512
502
495
503
498
499
503
493
499
499
492
502
493
499
495
493
494
495
496
498
494
496
504
493
505
498
498
500
499
499
508
492
512
496
503
506
500
504
510
506
509
507
507
519
514
519
524
518
525
526
516
536
530
535
532
527
532
537
528
538
535
539
537
535
542
540
534
550
547
557
555
560
562
562
570
566
574
573
583
575
596
596
597
612
614
624
650
651
679
683
703
726
747
762
794
809
855
878
899
954
978
1022
1052
1090
1133
1171
1232
1248
1299
1330
1387
1414
1470
1507
1533
1586
1591
1634
1670
1698
1735
1752
1786
1814
1823
1832
1867
1874
1872
1862
1868
1869
1870
1870
1884
1908
1936
1964
1996
2018
2047
2082
2126
2128
2155
2158
2166
2199
2191
2212
2219
2210
2222
2207
2216
2203
2190
2176
2178
2176
2181
2167
2180
2174
2139
2139
2132
2122
2096
2089
2087
2083
2054
2063
2050
2032
2022
2022
2035
2010
2014
1987
1998
1973
1971
1928
1931
1915
1921
1889
1891
1886
1880
1847
1822
1858
1832
1827
1802
1799
1794
1786
1776
1758
1738
1730
1714
1695
1695
1667
1656
1654
1634
1625
1618
1589
1581
1571
1555
1547
1520
1504
1494
1480
1470
1459
1441
1427
1418
1391
1399
1379
1358
1354
1335
1342
1304
1295
1304
1275
1270
1255
1240
1242
1230
1206
1213
1187
1186
1182
1160
1164
1148
1131
1125
1112
1119
1087
1075
1087
1073
1072
1063
1037
1045
1028
1024
1020
