639
620
613
601
610
592
591
590
579
577
576
567
559
553
551
550
543
541
534
528
531
522
522
525
515
518
527
516
525
516
522
518
515
514
515
510
510
512
514
526
518
519
520
511
525
514
520
519
518
516
523
517
519
519
515
522
519
520
526
519
532
522
531
531
534
536
543
535
543
542
546
553
545
548
556
545
557
546
551
559
555
555
555
550
557
564
559
568
556
574
573
570
582
573
583
587
583
589
597
594
614
614
618
631
636
647
671
672
699
713
736
758
787
800
844
872
908
942
985
1042
1077
1116
1174
1209
1235
1287
1337
1376
1438
1478
1527
1569
1627
1650
1683
1743
1743
1768
1802
1818
1848
1842
1851
1880
1863
1875
1876
1850
1825
1804
1805
1763
1787
1741
1770
1787
1831
1885
1950
2026
2087
2202
2276
2354
2418
2482
2526
2591
2601
2614
2642
2654
2670
2668
2654
2672
2662
2663
2668
2671
2650
2640
2648
2659
2602
2612
2617
2578
2558
2548
2538
2534
2506
2501
2506
2483
2471
2467
2476
2438
2448
2422
2426
2399
2394
2364
2343
2330
2338
2318
2286
2276
2292
2263
2239
2239
2219
2200
2195
2178
2168
2142
2134
2122
2090
2090
2043
2042
2043
2014
2006
1990
1979
1946
1943
1902
1894
1885
1858
1852
1819
1794
1787
1767
1728
1718
1704
1686
1666
1643
1624
1630
1596
1590
1567
1567
1550
1530
1527
1498
1504
1466
1454
1459
1440
1408
1412
1391
1398
1382
1360
1361
1327
1319
1303
1307
1278
1276
1258
1269
1237
1235
1223
1213
1191
1185
1178
1175
