624
599
599
583
594
582
581
580
564
558
560
552
549
548
538
547
531
535
524
527
526
523
515
518
510
515
520
507
515
507
505
519
510
512
514
507
514
509
514
516
514
513
518
506
518
516
520
520
514
519
524
512
523
519
518
524
519
523
528
534
536
536
538
544
542
544
554
543
552
547
549
558
559
557
567
556
570
568
565
576
575
571
579
567
579
582
578
595
591
607
603
604
610
620
622
634
635
653
665
663
697
698
716
734
764
773
814
824
871
879
930
947
987
1028
1065
1096
1152
1194
1234
1276
1323
1368
1417
1443
1489
1522
1579
1608
1631
1687
1722
1751
1794
1802
1846
1879
1874
1894
1918
1934
1958
1939
1956
1987
1957
1972
1974
1956
1950
1926
1906
1902
1914
1884
1902
1920
1934
1979
2030
2058
2090
2130
2173
2205
2236
2260
2278
2303
2323
2330
2324
2315
2322
2309
2294
2311
2293
2279
2283
2266
2267
2260
2227
2262
2215
2216
2192
2174
2146
2136
2124
2122
2106
2106
2111
2078
2068
2054
2052
2052
2026
2018
2026
2006
1996
1968
1955
1937
1932
1927
1911
1890
1884
1866
1874
1873
1850
1828
1835
1810
1806
1804
1796
1775
1747
1735
1730
1706
1704
1686
1664
1667
1643
1628
1627
1607
1587
1573
1565
1570
1522
1515
1514
1482
1469
1449
1431
1423
1411
1390
1381
1363
1362
1343
1327
1328
1319
1294
1294
1290
1266
1258
1246
1242
1218
1217
1203
1180
1184
1170
1152
1159
1144
1126
1126
1110
1107
1091
1086
1079
1074
1057
1055
1040
1034
1026
1017
1015
