615
595
590
581
584
580
579
577
564
562
565
552
552
539
538
540
532
527
528
516
526
519
514
519
507
508
516
506
512
511
510
514
511
510
511
509
507
508
512
517
505
511
517
507
523
513
514
516
512
514
516
508
522
512
515
519
512
519
525
521
530
523
522
535
529
533
542
532
543
542
536
550
547
547
554
548
555
553
553
554
550
549
559
545
564
562
557
568
563
574
578
566
579
581
589
591
592
595
603
600
620
623
630
643
656
655
686
697
713
727
750
774
793
820
845
872
921
938
976
1026
1056
1087
1127
1154
1192
1229
1259
1291
1347
1374
1414
1439
1498
1522
1545
1591
1595
1622
1651
1663
1673
1671
1688
1706
1692
1702
1708
1685
1690
1665
1658
1650
1647
1651
1655
1666
1702
1735
1785
1847
1886
1946
2002
2051
2092
2131
2138
2190
2220
2218
2227
2234
2247
2246
2228
2262
2224
2222
2236
2222
2219
2224
2211
2214
2190
2180
2156
2150
2131
2118
2131
2126
2098
2084
2093
2066
2055
2067
2050
2058
2035
2022
2014
2002
2011
1966
1968
1935
1923
1923
1910
1894
1890
1884
1858
1875
1856
1843
1835
1814
1815
1799
1779
1778
1753
1740
1736
1708
1695
1706
1681
1682
1663
1642
1625
1599
1599
1582
1570
1561
1539
1518
1519
1478
1493
1475
1446
1435
1422
1393
1405
1387
1360
1349
1347
1334
1332
1306
1310
1280
1289
1274
1260
1264
1236
1221
1214
1198
1192
1177
1174
1183
1166
1136
1131
1127
1110
1102
1100
1098
1083
1080
1074
1055
1047
1042
1026
1032
