630
599
600
592
596
586
583
581
568
564
567
556
554
545
543
543
530
530
527
517
529
524
520
522
515
515
519
512
511
511
508
512
505
512
507
503
504
505
508
514
510
509
514
502
519
509
509
514
507
508
510
511
514
512
509
515
509
512
516
509
519
509
518
521
517
528
528
518
528
528
523
532
531
529
532
526
539
531
534
539
537
534
541
531
536
542
534
552
542
543
549
541
552
546
548
557
550
550
560
547
562
561
564
567
573
575
581
583
596
592
603
609
620
635
644
657
683
694
724
740
763
789
820
848
879
899
937
970
1021
1054
1095
1142
1182
1214
1234
1303
1317
1359
1392
1407
1442
1456
1474
1520
1510
1531
1538
1536
1548
1526
1513
1526
1514
1515
1535
1545
1602
1648
1718
1780
1840
1918
2016
2070
2147
2179
2226
2292
2298
2331
2348
2367
2375
2356
2375
2406
2374
2375
2399
2386
2398
2386
2382
2398
2379
2374
2364
2358
2330
2314
2310
2314
2285
2291
2295
2278
2268
2254
2254
2262
2238
2225
2234
2199
2200
2171
2170
2142
2140
2118
2114
2099
2091
2078
2072
2070
2047
2042
2044
2015
2007
2002
1988
1965
1940
1934
1922
1897
1887
1867
1848
1846
1839
1810
1809
1762
1759
1751
1734
1716
1685
1671
1667
1647
1626
1606
1578
1582
1548
1530
1526
1518
1484
1489
1480
1465
1439
1435
1419
1410
1411
1387
1363
1373
1343
1324
1330
1304
1294
1282
1260
1278
1254
1245
1234
1219
1210
1201
1193
1189
1177
1166
1163
1147
1127
1125
1104
1109
