610
591
586
575
585
575
572
572
559
555
560
543
550
538
540
540
528
530
524
518
524
522
516
524
513
517
517
507
511
509
507
512
510
508
511
504
508
508
508
512
512
512
516
503
519
514
513
512
510
514
519
504
521
512
515
515
517
514
522
522
531
526
526
537
532
538
537
534
542
544
541
543
548
546
556
549
564
560
554
560
566
556
566
562
573
573
568
584
579
592
595
592
602
602
614
615
623
629
642
643
667
672
688
705
715
744
753
773
803
813
844
869
898
921
957
974
1014
1047
1081
1119
1142
1150
1199
1208
1247
1269
1298
1314
1346
1375
1378
1431
1449
1461
1454
1506
1500
1511
1522
1527
1538
1525
1527
1563
1527
1532
1553
1527
1519
1515
1508
1514
1506
1488
1506
1504
1542
1551
1588
1609
1623
1676
1700
1718
1751
1758
1766
1813
1812
1804
1818
1808
1808
1810
1782
1790
1783
1763
1787
1750
1762
1764
1734
1765
1712
1725
1719
1709
1691
1667
1664
1668
1655
1648
1648
1634
1618
1595
1626
1614
1598
1587
1590
1576
1575
1550
1558
1546
1526
1531
1520
1492
1506
1495
1483
1503
1469
1467
1479
1456
1462
1431
1430
1428
1417
1404
1388
1366
1372
1353
1350
1355
1339
1330
1326
1290
1296
1274
1267
1264
1247
1229
1226
1202
1202
1191
1179
1170
1160
1139
1137
1121
1118
1105
1105
1098
1091
1073
1082
1059
1062
1050
1029
1046
1012
1011
1015
994
982
979
975
983
979
962
957
938
949
926
919
928
914
911
904
890
894
887
872
882
