606
585
577
567
573
560
563
555
547
550
550
539
537
525
521
534
515
519
510
512
513
507
502
508
499
506
511
497
504
495
506
504
505
499
502
498
507
503
502
522
508
518
513
508
517
517
517
521
514
517
531
513
529
522
526
532
526
535
537
538
552
546
550
564
559
571
575
578
587
589
590
608
610
612
622
623
642
640
635
653
649
657
666
666
692
702
708
727
729
750
757
761
787
791
811
815
833
844
860
868
893
908
930
964
982
999
1025
1060
1098
1115
1148
1158
1210
1222
1274
1290
1355
1385
1415
1466
1493
1530
1571
1586
1622
1657
1711
1728
1773
1806
1840
1857
1914
1922
1948
2002
1987
2007
2049
2078
2084
2094
2108
2143
2140
2134
2168
2164
2174
2147
2136
2150
2156
2146
2166
2171
2199
2222
2246
2290
2295
2334
2351
2375
2383
2403
2407
2439
2444
2410
2420
2424
2442
2430
2423
2426
2390
2387
2402
2374
2381
2360
2342
2360
2333
2326
2323
2310
2283
2274
2267
2248
2250
2240
2215
2198
2194
2183
2192
2192
2166
2154
2135
2146
2124
2114
2084
2062
2070
2054
2046
2016
2036
2002
1994
1982
1984
1976
1950
1946
1943
1920
1912
1899
1868
1863
1846
1837
1820
1786
1778
1789
1758
1749
1727
1704
1699
1690
1673
1669
1630
1611
1618
1591
1578
1563
1546
1526
1519
1486
1475
1476
1452
1442
1435
1430
1408
1395
1388
1357
1373
1352
1336
1336
1308
1286
1282
1266
1260
1264
1253
1234
1226
1207
1199
1186
1190
1170
1151
1153
1144
1134
1132
1111
1106
1090
1081
1080
