643
612
611
602
606
594
585
590
574
575
573
571
558
550
548
556
540
537
536
523
533
525
521
527
515
516
522
508
517
510
515
516
518
509
519
506
511
507
515
518
512
510
519
509
519
513
521
518
514
513
522
512
523
514
515
520
512
516
522
520
528
523
531
528
528
535
544
534
543
535
540
548
546
546
554
537
555
546
545
554
550
544
551
543
554
558
554
559
564
560
566
566
570
571
571
570
572
576
582
571
596
588
594
596
601
605
625
624
642
646
671
675
688
703
735
750
792
814
843
887
908
954
999
1030
1077
1128
1175
1227
1289
1327
1391
1435
1496
1555
1613
1661
1692
1762
1796
1869
1915
1930
1982
2029
2050
2074
2123
2124
2148
2150
2151
2166
2171
2150
2187
2198
2238
2299
2348
2391
2442
2485
2551
2582
2610
2650
2672
2711
2722
2727
2742
2751
2746
2727
2735
2739
2726
2722
2734
2714
2732
2720
2710
2722
2662
2706
2679
2663
2635
2604
2603
2623
2591
2588
2599
2559
2522
2534
2530
2544
2526
2490
2496
2487
2480
2446
2430
2407
2403
2395
2380
2355
2356
2334
2324
2315
2303
2293
2284
2260
2250
2242
2228
2195
2175
2167
2149
2132
2119
2091
2073
2072
2049
2019
2019
1972
1965
1958
1931
1931
1903
1862
1862
1819
1822
1791
1772
1763
1721
1712
1705
1685
1670
1651
1634
1627
1614
1590
1580
1556
1548
1539
1523
1515
1492
1463
1461
1434
1432
1420
1393
1406
1397
1372
1375
1346
1327
1319
1304
1310
1294
1282
1270
1246
1239
1227
1224
1221
