596
567
569
554
563
552
552
555
535
537
532
536
525
523
520
525
508
514
507
500
514
493
502
502
493
497
498
491
498
497
494
501
496
495
494
494
491
492
494
504
494
500
499
498
510
507
503
510
507
504
514
502
513
505
512
509
510
511
521
519
523
516
523
536
533
540
542
543
549
554
551
566
561
567
578
575
593
591
595
599
600
607
621
608
632
636
639
666
663
674
687
683
699
706
711
727
731
734
752
759
789
797
814
838
859
877
904
925
955
968
1008
1022
1067
1095
1138
1170
1216
1250
1285
1327
1345
1387
1414
1437
1482
1511
1539
1556
1590
1611
1640
1662
1696
1710
1720
1751
1747
1742
1770
1794
1794
1786
1796
1806
1775
1790
1799
1791
1781
1756
1739
1747
1718
1718
1738
1746
1772
1798
1828
1879
1894
1939
1982
2008
2028
2044
2066
2086
2101
2089
2101
2095
2108
2098
2098
2096
2072
2073
2079
2069
2052
2065
2058
2050
2038
2035
2014
2007
1995
1975
1975
1964
1951
1926
1951
1922
1914
1902
1899
1907
1887
1872
1870
1860
1867
1830
1832
1807
1803
1782
1769
1754
1764
1751
1738
1742
1744
1717
1719
1710
1695
1687
1676
1666
1628
1626
1623
1598
1591
1582
1565
1574
1555
1538
1532
1506
1514
1488
1480
1466
1451
1422
1416
1392
1407
1380
1347
1347
1334
1315
1317
1301
1290
1286
1258
1262
1262
1234
1247
1216
1222
1207
1183
1193
1175
1161
1155
1139
1134
1127
1108
1116
1103
1087
1072
1066
1056
1054
1043
1046
1028
1026
1018
1003
1003
994
984
978
