630
604
604
594
598
586
579
584
570
570
567
561
558
550
545
548
541
536
535
524
537
521
522
522
515
524
522
516
517
517
512
520
513
514
516
513
519
512
519
525
519
522
527
512
532
523
519
525
523
523
526
519
531
528
523
529
528
534
538
540
547
543
540
555
547
558
561
553
565
560
567
572
573
572
587
574
589
582
583
590
587
589
595
586
606
604
607
620
616
626
630
631
648
648
659
667
668
681
700
692
726
730
749
777
788
807
835
857
887
905
939
965
1009
1022
1072
1098
1154
1184
1230
1270
1313
1343
1393
1410
1444
1473
1515
1538
1579
1618
1660
1675
1730
1740
1750
1814
1794
1824
1843
1863
1858
1858
1873
1896
1878
1894
1908
1900
1879
1878
1867
1859
1854
1837
1842
1875
1878
1920
1946
1987
2017
2042
2100
2118
2142
2174
2186
2224
2210
2207
2218
2226
2228
2206
2206
2217
2188
2176
2186
2168
2178
2154
2147
2167
2126
2123
2107
2096
2064
2054
2065
2054
2034
2038
2032
2011
2000
1986
1993
1988
1971
1959
1951
1943
1946
1908
1902
1882
1868
1871
1872
1837
1846
1820
1803
1818
1797
1782
1783
1766
1765
1740
1726
1724
1695
1701
1686
1652
1654
1636
1631
1636
1606
1583
1582
1574
1559
1538
1535
1531
1482
1473
1470
1438
1447
1422
1416
1403
1383
1358
1371
1336
1331
1316
1305
1311
1282
1276
1282
1256
1255
1241
1217
1222
1212
1193
1193
1171
1164
1163
1132
1138
1127
1114
1118
1101
1098
1074
1068
1073
1061
1052
1051
1035
1024
1015
998
1010
