632
608
610
592
602
593
584
587
574
571
575
560
558
550
552
554
542
537
536
529
535
522
525
523
515
523
523
514
512
520
514
518
512
510
516
512
514
510
514
520
510
516
518
503
518
512
514
513
508
512
516
510
516
516
515
518
511
522
524
520
524
519
519
523
525
528
531
529
537
536
530
541
532
541
542
532
545
534
542
543
543
542
546
529
546
546
546
554
547
554
557
553
553
558
558
569
560
572
576
567
590
584
594
604
609
626
636
643
667
667
706
708
733
758
796
813
859
882
923
963
1007
1038
1085
1112
1157
1195
1252
1275
1336
1368
1415
1456
1502
1530
1546
1607
1587
1631
1662
1674
1694
1698
1706
1727
1695
1720
1715
1686
1678
1643
1631
1609
1602
1599
1608
1624
1658
1697
1746
1830
1888
1971
2038
2130
2173
2220
2270
2327
2334
2348
2363
2399
2404
2398
2387
2396
2386
2377
2404
2407
2400
2375
2386
2395
2338
2345
2338
2300
2290
2262
2274
2262
2251
2239
2246
2226
2221
2187
2186
2186
2180
2167
2150
2156
2135
2106
2096
2070
2074
2045
2047
2042
2043
2010
1996
2015
2002
1975
1971
1932
1931
1943
1908
1914
1866
1855
1844
1826
1826
1818
1786
1794
1755
1747
1742
1710
1699
1682
1666
1657
1632
1602
1606
1570
1570
1543
1532
1520
1499
1483
1476
1468
1459
1438
1424
1427
1403
1383
1374
1356
1368
1338
1306
1316
1295
1287
1278
1256
1250
1248
1230
1235
1215
1203
1193
1172
1181
1157
1143
1150
1127
1122
1120
1087
1098
1078
1074
1071
