634
609
600
598
604
595
583
590
571
576
572
559
565
551
551
551
539
544
536
527
536
524
520
528
518
518
528
513
517
515
517
528
513
517
522
512
519
517
519
531
521
522
527
522
533
524
530
528
531
526
538
523
532
527
533
543
535
537
543
546
551
546
554
566
560
568
576
564
577
580
574
590
587
594
599
597
606
608
601
606
607
606
615
609
630
623
625
643
643
652
660
658
668
678
686
698
697
714
731
737
757
778
795
835
846
873
906
930
979
985
1034
1080
1099
1131
1194
1229
1296
1335
1364
1426
1459
1500
1544
1599
1631
1666
1689
1750
1792
1833
1851
1876
1937
1966
1983
2017
2014
2047
2062
2066
2089
2091
2099
2103
2088
2098
2119
2098
2081
2071
2058
2062
2047
2024
2075
2054
2099
2130
2166
2208
2219
2272
2334
2327
2353
2379
2399
2434
2422
2405
2432
2445
2436
2434
2411
2402
2400
2384
2382
2381
2372
2354
2365
2362
2319
2327
2296
2282
2266
2231
2246
2244
2208
2199
2203
2186
2167
2156
2148
2160
2132
2107
2137
2096
2102
2071
2051
2036
2023
2015
2006
1975
1996
1979
1942
1970
1954
1934
1936
1907
1893
1892
1871
1862
1843
1830
1812
1784
1787
1770
1751
1744
1724
1727
1705
1680
1671
1660
1643
1633
1610
1588
1584
1552
1544
1541
1507
1496
1471
1457
1462
1440
1418
1407
1400
1399
1380
1360
1370
1352
1334
1317
1316
1319
1278
1275
1264
1245
1246
1229
1214
1216
1194
1193
1185
1166
1150
1152
1132
1129
1126
1114
1106
1096
1084
1077
1058
1061
