602
576
574
566
577
562
556
555
545
545
546
536
537
530
525
525
520
512
514
507
512
508
502
509
496
503
505
494
499
503
496
503
500
498
499
496
499
498
500
508
501
506
512
499
514
504
510
512
508
506
517
504
522
514
520
519
513
522
527
527
534
534
530
542
539
548
551
542
553
558
551
568
563
571
578
574
582
581
587
589
593
593
600
597
608
611
619
638
632
641
652
647
668
666
683
684
689
698
715
720
740
743
773
790
810
826
857
872
917
926
966
988
1040
1062
1101
1137
1182
1220
1266
1325
1336
1400
1444
1484
1502
1544
1579
1614
1671
1686
1742
1776
1812
1835
1859
1904
1907
1930
1956
1974
1994
1968
1990
2032
2020
2020
2039
2023
2034
2011
2018
2016
2023
2004
2030
2040
2052
2087
2102
2142
2143
2174
2211
2231
2223
2241
2245
2275
2276
2260
2271
2256
2277
2247
2239
2242
2220
2213
2230
2201
2195
2190
2189
2206
2149
2156
2143
2122
2100
2086
2078
2073
2066
2051
2060
2032
2022
2003
2010
2014
1992
1982
1996
1952
1964
1924
1915
1902
1898
1899
1874
1866
1855
1850
1829
1841
1831
1822
1808
1788
1780
1779
1759
1759
1722
1714
1701
1674
1681
1658
1656
1642
1631
1614
1601
1588
1574
1563
1550
1547
1510
1496
1495
1462
1463
1456
1410
1418
1383
1376
1392
1358
1345
1339
1324
1326
1293
1290
1279
1268
1271
1254
1232
1235
1218
1208
1194
1171
1169
1183
1152
1155
1131
1122
1129
1111
1104
1098
1080
1076
1056
1064
1056
1036
1028
1016
1013
1007
