611
582
582
574
577
574
563
567
554
551
550
551
544
533
525
533
523
523
524
515
522
509
517
518
506
510
515
502
514
506
508
512
515
506
510
507
508
508
512
522
512
519
513
517
522
521
522
528
522
524
526
524
528
526
531
530
533
534
545
544
555
556
557
562
566
574
582
572
596
598
600
627
630
649
673
675
694
700
714
731
732
751
764
769
798
817
820
859
855
877
902
912
927
936
959
968
973
981
1011
1018
1059
1063
1095
1123
1150
1165
1202
1214
1246
1272
1302
1323
1358
1371
1416
1434
1455
1495
1527
1563
1593
1621
1634
1651
1688
1710
1738
1754
1793
1791
1815
1845
1875
1883
1878
1932
1903
1915
1932
1942
1958
1952
1942
1964
1936
1943
1956
1926
1927
1885
1870
1875
1874
1855
1860
1879
1888
1920
1947
1973
2000
2043
2084
2104
2126
2120
2162
2186
2178
2187
2182
2179
2194
2166
2190
2170
2144
2136
2145
2114
2130
2128
2111
2127
2091
2094
2071
2063
2046
2031
2023
2006
1991
1986
1987
1973
1959
1950
1951
1934
1932
1923
1922
1895
1896
1871
1871
1844
1852
1835
1828
1807
1813
1803
1780
1800
1767
1754
1742
1735
1725
1702
1703
1688
1666
1658
1659
1635
1623
1618
1590
1599
1582
1562
1558
1530
1527
1522
1502
1492
1463
1447
1451
1440
1410
1423
1391
1382
1360
1333
1339
1324
1314
1296
1290
1303
1273
1257
1248
1236
1246
1232
1207
1203
1190
1178
1178
1157
1153
1142
1130
1130
1124
1115
1098
1093
1091
1071
1052
1063
1047
1047
1035
1022
1016
1010
990
994
