630
599
604
588
599
584
579
580
568
564
561
556
552
550
544
545
535
537
527
528
529
520
516
520
510
520
521
511
513
517
511
521
513
516
518
509
514
514
513
520
515
514
522
507
527
515
513
516
515
512
524
511
526
517
519
526
517
523
523
533
536
532
534
547
536
545
551
539
562
555
558
567
565
563
576
565
586
583
575
585
595
589
599
595
613
617
605
627
629
651
652
656
661
665
668
687
688
697
707
714
734
746
758
787
805
816
840
867
898
916
951
970
1006
1027
1068
1082
1146
1180
1212
1259
1294
1312
1341
1355
1403
1412
1443
1456
1481
1514
1539
1559
1572
1581
1574
1602
1563
1562
1548
1540
1520
1496
1487
1493
1458
1445
1419
1386
1370
1318
1283
1265
1250
1242
1252
1262
1317
1375
1446
1535
1618
1729
1850
1947
2038
2122
2207
2260
2299
2352
2383
2403
2428
2418
2434
2446
2443
2431
2458
2446
2458
2455
2425
2453
2406
2430
2411
2391
2362
2346
2348
2352
2329
2322
2320
2295
2287
2275
2271
2267
2248
2236
2215
2211
2204
2179
2163
2130
2135
2110
2114
2086
2087
2075
2077
2065
2044
2026
2022
2002
1990
1986
1963
1970
1923
1912
1905
1874
1868
1850
1822
1829
1819
1790
1779
1760
1742
1735
1705
1701
1671
1642
1643
1609
1608
1588
1577
1550
1539
1525
1519
1496
1486
1470
1458
1458
1433
1424
1412
1390
1386
1378
1354
1351
1344
1324
1319
1294
1278
1290
1265
1269
1244
1230
1211
1206
1199
1179
1168
1176
1165
1162
1144
1122
1119
1108
1098
1093
