611
585
585
579
579
566
567
565
558
553
551
550
542
538
531
538
524
525
523
513
522
506
510
513
502
512
514
503
514
505
510
509
514
503
512
505
510
510
515
521
512
515
522
518
526
519
522
523
523
523
529
523
530
528
526
540
531
541
539
546
562
548
562
567
572
574
591
580
598
602
603
624
634
643
668
663
691
696
702
728
728
743
760
754
787
801
814
839
845
872
887
894
914
913
944
944
965
982
1004
1016
1056
1056
1089
1132
1158
1174
1223
1243
1271
1296
1318
1346
1382
1402
1454
1472
1511
1555
1583
1614
1654
1668
1694
1724
1746
1768
1782
1804
1853
1847
1891
1910
1940
1939
1966
1982
1962
1978
2000
2002
2018
1986
1992
2007
1994
1995
1994
1979
1954
1938
1915
1915
1918
1898
1918
1930
1958
1978
2010
2067
2069
2132
2178
2194
2222
2234
2243
2288
2282
2291
2306
2299
2294
2278
2266
2274
2266
2251
2263
2238
2254
2222
2218
2234
2198
2192
2167
2171
2158
2128
2135
2143
2098
2098
2099
2079
2074
2035
2072
2054
2042
2021
2024
2002
2007
1970
1967
1948
1936
1925
1917
1895
1888
1886
1854
1871
1860
1842
1842
1816
1815
1806
1780
1774
1747
1735
1734
1710
1709
1678
1676
1666
1648
1634
1633
1600
1598
1584
1574
1558
1527
1512
1510
1503
1494
1467
1440
1451
1406
1404
1394
1376
1368
1351
1345
1362
1328
1315
1322
1295
1291
1274
1259
1262
1236
1234
1215
1198
1190
1200
1174
1177
1158
1144
1134
1129
1126
1107
1095
1095
1086
1079
1070
1055
1055
1033
1024
1031
