614
595
588
575
580
574
570
565
558
550
555
536
539
535
528
536
522
523
520
515
517
510
508
517
498
509
511
500
503
500
501
505
497
499
501
497
498
504
499
508
500
502
505
498
512
502
507
504
507
503
510
499
513
506
507
513
509
519
512
516
515
514
523
530
522
529
529
524
540
536
532
542
538
538
548
535
551
539
544
550
546
543
555
536
556
548
553
553
554
563
566
565
579
572
578
589
578
586
592
601
612
620
627
653
646
672
690
710
736
748
787
812
843
868
914
943
998
1040
1085
1139
1182
1234
1279
1326
1388
1428
1472
1511
1572
1636
1663
1714
1764
1787
1818
1872
1868
1906
1948
1976
1987
1990
2007
2055
2034
2028
2059
2054
2041
2022
2014
2026
2022
2017
2034
2054
2084
2115
2164
2240
2274
2335
2390
2432
2447
2467
2474
2519
2522
2531
2526
2531
2520
2494
2494
2510
2500
2474
2503
2456
2472
2470
2439
2463
2420
2402
2384
2378
2350
2338
2338
2338
2317
2285
2294
2282
2265
2250
2256
2247
2243
2211
2232
2210
2195
2155
2150
2122
2135
2111
2098
2088
2086
2059
2046
2044
2036
2018
2014
1988
1986
1958
1936
1935
1922
1896
1890
1859
1847
1831
1815
1830
1811
1782
1768
1738
1733
1724
1700
1692
1666
1638
1648
1609
1602
1584
1574
1553
1526
1511
1507
1497
1468
1455
1452
1450
1419
1394
1398
1379
1391
1375
1349
1357
1323
1315
1308
1279
1274
1272
1252
1248
1246
1222
1218
1199
1200
1179
1169
1178
1159
1159
1138
1115
1118
1109
1095
1088
