614
594
583
575
583
578
567
569
559
555
553
546
546
534
534
530
520
523
520
512
517
509
507
512
501
512
512
504
508
506
498
507
507
502
504
498
508
503
506
510
504
506
516
501
516
509
508
514
512
511
516
512
515
507
514
517
510
516
524
520
528
526
523
532
528
534
540
536
539
546
540
553
546
548
557
548
560
559
559
562
563
558
564
555
570
567
566
581
577
585
588
591
595
599
602
611
612
620
638
643
659
665
678
698
716
735
770
790
826
849
884
918
954
996
1058
1093
1145
1210
1248
1327
1359
1412
1468
1520
1571
1620
1683
1722
1779
1827
1874
1926
1965
2006
2022
2090
2072
2110
2128
2158
2178
2171
2194
2218
2206
2196
2216
2222
2185
2174
2155
2161
2148
2142
2155
2156
2187
2238
2286
2359
2390
2455
2522
2562
2588
2642
2651
2656
2670
2681
2700
2692
2689
2676
2666
2664
2656
2636
2651
2624
2607
2594
2610
2602
2559
2567
2560
2542
2495
2486
2480
2466
2450
2444
2430
2425
2397
2390
2390
2380
2366
2355
2351
2326
2326
2279
2282
2230
2258
2231
2215
2203
2202
2168
2154
2178
2139
2135
2118
2096
2087
2088
2062
2059
2015
1998
2000
1975
1962
1950
1918
1919
1886
1877
1874
1846
1835
1809
1799
1784
1750
1732
1723
1702
1686
1666
1652
1638
1607
1594
1578
1571
1554
1530
1520
1523
1490
1482
1486
1450
1443
1439
1400
1419
1383
1378
1374
1331
1330
1323
1310
1311
1294
1275
1274
1252
1258
1230
1222
1225
1205
1206
1195
1160
1166
1142
1142
1139
