608
583
581
565
576
567
561
558
551
548
549
541
544
534
530
537
527
529
514
516
519
516
511
517
501
510
514
507
509
506
505
513
510
506
511
506
508
509
510
518
509
517
518
508
520
521
521
524
520
518
528
513
529
523
528
528
526
535
534
539
547
543
550
558
551
564
571
565
584
586
591
606
624
626
651
658
684
688
693
714
708
726
742
745
774
781
798
819
820
840
859
863
890
898
919
922
934
947
967
980
1012
1015
1034
1059
1084
1109
1132
1156
1207
1218
1258
1281
1322
1335
1374
1387
1427
1459
1499
1541
1559
1574
1604
1646
1682
1708
1738
1744
1791
1808
1836
1862
1887
1907
1900
1946
1938
1951
1984
1993
1991
1980
1996
1990
2002
2006
2003
1978
1995
1940
1942
1934
1900
1880
1891
1883
1906
1922
1955
1988
1989
2026
2082
2096
2111
2126
2154
2187
2172
2162
2170
2178
2165
2158
2142
2139
2138
2102
2123
2106
2102
2094
2086
2087
2058
2060
2036
2020
2005
1999
1978
1987
1966
1948
1956
1942
1930
1912
1908
1911
1891
1891
1891
1860
1874
1845
1826
1812
1810
1807
1791
1766
1778
1754
1740
1748
1731
1718
1722
1702
1698
1680
1674
1653
1628
1624
1619
1603
1586
1596
1563
1569
1544
1534
1538
1514
1503
1488
1474
1460
1454
1427
1431
1406
1392
1383
1354
1359
1335
1316
1317
1303
1298
1268
1278
1265
1250
1228
1237
1212
1212
1200
1186
1183
1173
1154
1151
1138
1136
1138
1108
1107
1097
1082
1074
1063
1062
1054
1041
1042
1032
1028
1016
1005
995
991
984
971
