606
580
575
568
575
563
560
560
548
546
549
536
540
532
528
522
516
523
509
507
515
502
504
506
497
504
501
497
497
494
494
504
499
498
502
494
502
496
500
504
498
502
503
488
511
500
499
504
499
500
502
494
504
498
499
506
500
501
509
507
509
508
510
518
511
515
521
516
527
527
519
531
529
531
532
527
535
526
528
534
531
527
535
525
535
534
531
539
538
542
548
544
547
548
550
555
550
557
570
563
577
576
582
599
602
611
631
636
665
668
694
717
751
768
799
828
871
917
955
994
1035
1069
1130
1166
1228
1266
1310
1367
1413
1455
1515
1554
1599
1639
1663
1728
1712
1763
1783
1815
1844
1846
1867
1896
1886
1891
1908
1911
1911
1878
1863
1858
1872
1854
1882
1886
1940
1976
2026
2095
2138
2215
2279
2318
2330
2356
2391
2418
2418
2434
2434
2432
2427
2410
2419
2412
2398
2414
2408
2390
2398
2382
2367
2362
2331
2335
2327
2308
2288
2265
2275
2251
2243
2224
2225
2207
2196
2167
2193
2191
2165
2160
2138
2140
2122
2090
2071
2062
2075
2034
2023
1996
2015
2000
1975
1982
1970
1927
1943
1920
1919
1894
1891
1888
1850
1837
1824
1800
1804
1776
1754
1760
1730
1715
1715
1698
1684
1653
1653
1634
1608
1595
1576
1575
1550
1540
1527
1507
1489
1479
1472
1455
1434
1420
1420
1411
1397
1383
1362
1346
1344
1329
1313
1323
1290
1283
1284
1243
1240
1238
1219
1223
1205
1198
1183
1176
1176
1150
1139
1138
1123
1114
1112
1086
1086
1074
1062
1058
