643
621
609
610
614
589
595
590
578
576
575
568
564
559
547
557
542
542
532
527
536
529
524
528
520
519
532
515
527
518
519
524
517
518
519
514
511
518
516
529
517
525
527
520
530
528
526
532
527
525
536
525
539
527
535
532
536
536
549
547
550
546
554
567
563
574
574
575
588
591
591
614
611
630
639
634
664
663
668
678
685
688
697
686
709
718
730
749
750
757
771
775
796
803
799
823
821
841
848
863
877
880
900
945
952
976
1016
1035
1074
1094
1127
1172
1213
1231
1303
1330
1393
1431
1489
1560
1602
1650
1687
1746
1796
1833
1883
1929
1971
2018
2075
2106
2150
2171
2202
2262
2250
2252
2306
2311
2307
2310
2329
2332
2314
2314
2310
2295
2259
2231
2206
2183
2178
2130
2142
2121
2158
2189
2243
2334
2377
2436
2506
2566
2619
2666
2706
2746
2758
2758
2775
2795
2795
2794
2746
2759
2760
2752
2766
2734
2734
2726
2716
2730
2662
2675
2650
2640
2608
2583
2590
2583
2567
2556
2539
2532
2516
2486
2507
2515
2478
2458
2462
2438
2430
2396
2386
2362
2367
2347
2335
2308
2310
2293
2274
2276
2260
2218
2238
2207
2192
2186
2165
2166
2120
2116
2083
2071
2068
2035
2019
2015
2007
1986
1970
1935
1922
1897
1884
1873
1843
1818
1823
1779
1779
1753
1733
1710
1706
1676
1660
1652
1636
1607
1590
1591
1573
1551
1540
1510
1518
1508
1485
1479
1454
1438
1440
1410
1414
1399
1375
1368
1349
1348
1331
1314
1311
1296
1279
1272
1261
1264
1247
1217
1218
1200
1190
1191
