605
591
584
583
583
572
563
576
563
557
558
546
547
538
539
535
532
520
524
515
527
518
511
517
507
513
512
506
513
508
511
511
504
508
508
501
506
510
510
512
509
510
516
504
515
507
511
523
504
514
512
511
515
515
511
524
514
517
528
527
532
524
531
538
536
540
549
544
556
552
554
564
569
575
578
582
595
594
592
602
603
609
611
610
631
630
637
651
658
660
666
668
678
687
692
705
700
714
729
728
754
760
776
794
816
830
863
874
911
924
948
972
1016
1030
1074
1098
1148
1183
1212
1267
1292
1334
1361
1392
1424
1444
1467
1493
1533
1552
1608
1622
1655
1662
1683
1727
1698
1713
1722
1714
1728
1721
1715
1746
1718
1710
1715
1685
1678
1646
1626
1618
1607
1602
1606
1626
1644
1691
1735
1790
1832
1883
1951
2010
2034
2054
2098
2138
2132
2146
2148
2158
2166
2154
2142
2151
2154
2137
2142
2132
2148
2114
2114
2122
2094
2085
2066
2052
2046
2018
2019
2026
1995
1990
1998
1976
1951
1950
1947
1966
1940
1922
1920
1914
1911
1887
1879
1847
1847
1842
1810
1806
1806
1794
1791
1798
1766
1762
1759
1744
1731
1724
1699
1694
1676
1660
1658
1638
1636
1618
1597
1598
1592
1578
1572
1538
1527
1517
1510
1494
1463
1462
1454
1425
1414
1399
1391
1374
1350
1347
1331
1330
1314
1303
1290
1295
1269
1247
1259
1227
1239
1226
1215
1208
1191
1175
1175
1143
1154
1137
1134
1138
1116
1100
1096
1087
1077
1068
1063
1055
1046
1043
1033
1014
1017
995
998
983
