616
592
584
578
581
573
568
569
558
554
555
547
547
539
539
538
527
528
525
518
522
520
512
519
500
512
520
506
512
511
512
514
514
512
510
503
513
515
512
520
513
518
522
517
531
529
523
534
530
529
539
526
540
536
532
538
540
544
555
553
565
565
562
580
574
580
592
589
608
612
621
648
655
672
703
710
740
760
773
801
807
814
836
846
885
896
925
944
970
987
1017
1010
1043
1063
1079
1094
1108
1119
1140
1146
1185
1198
1214
1258
1274
1294
1326
1342
1377
1379
1420
1448
1471
1484
1527
1546
1576
1602
1620
1672
1686
1710
1734
1759
1785
1812
1846
1871
1904
1907
1942
1966
1981
2002
2013
2054
2035
2042
2055
2062
2076
2090
2071
2087
2071
2082
2090
2055
2057
2050
2027
2004
1990
1975
1981
1984
1986
2000
2038
2074
2082
2126
2155
2180
2184
2223
2226
2239
2246
2248
2266
2234
2250
2231
2210
2224
2202
2187
2210
2192
2174
2156
2170
2162
2123
2139
2106
2103
2075
2050
2049
2038
2030
2036
2011
2012
2000
1980
1994
1975
1968
1950
1948
1936
1921
1895
1890
1867
1862
1859
1856
1815
1833
1822
1796
1803
1785
1778
1769
1746
1742
1731
1716
1714
1684
1682
1683
1654
1642
1642
1618
1616
1603
1584
1578
1550
1535
1535
1514
1514
1490
1470
1472
1435
1432
1416
1400
1396
1370
1353
1355
1340
1329
1322
1300
1296
1278
1267
1270
1251
1260
1230
1214
1217
1196
1181
1171
1152
1154
1154
1131
1129
1122
1119
1111
1097
1092
1080
1061
1058
1052
1046
1045
1037
1020
1003
1010
1010
