607
595
590
583
582
579
574
575
556
553
557
545
554
538
541
536
526
530
523
518
523
518
512
519
506
508
516
500
504
504
502
513
508
507
509
498
505
506
507
510
506
509
507
501
515
509
507
514
506
512
512
507
518
512
509
519
508
515
516
515
526
518
519
528
522
532
539
524
542
540
540
552
534
547
547
544
554
550
549
552
554
545
559
543
562
559
558
572
563
574
576
571
581
581
590
589
588
592
594
598
619
617
628
650
656
663
685
689
715
732
746
773
805
822
861
886
927
955
1000
1034
1075
1104
1138
1166
1202
1235
1260
1278
1329
1350
1382
1393
1420
1438
1424
1478
1458
1442
1445
1420
1419
1403
1395
1396
1365
1343
1339
1306
1286
1244
1223
1198
1178
1170
1168
1183
1214
1259
1326
1419
1508
1607
1732
1830
1934
2011
2091
2160
2192
2226
2270
2303
2327
2327
2337
2360
2354
2358
2375
2366
2367
2366
2362
2382
2339
2339
2322
2318
2291
2279
2295
2282
2282
2256
2256
2232
2227
2211
2206
2198
2167
2183
2167
2158
2146
2123
2117
2091
2078
2071
2060
2022
2039
2014
2004
2003
1988
1967
1973
1946
1955
1936
1926
1910
1879
1868
1863
1827
1816
1797
1773
1786
1768
1735
1734
1707
1702
1675
1686
1670
1630
1612
1616
1578
1582
1558
1527
1534
1504
1488
1475
1478
1460
1446
1431
1415
1399
1397
1382
1355
1373
1342
1334
1315
1305
1287
1287
1268
1257
1258
1232
1234
1210
1203
1194
1183
1190
1160
1151
1146
1142
1140
1131
1116
1111
1095
1081
1075
