632
610
609
594
606
594
587
582
576
570
571
559
558
551
548
552
536
535
531
524
529
528
522
529
515
520
526
510
519
514
515
516
520
520
518
514
516
521
518
524
522
528
522
522
526
530
525
536
532
526
534
522
536
534
538
540
542
546
547
558
560
560
566
574
573
581
588
586
599
610
611
632
640
656
678
681
705
712
723
739
757
762
782
788
824
836
859
874
892
919
926
952
969
978
987
1015
1014
1032
1047
1065
1102
1111
1131
1170
1177
1210
1244
1247
1303
1304
1336
1359
1397
1402
1459
1460
1510
1550
1584
1607
1622
1638
1655
1668
1695
1694
1708
1717
1732
1774
1782
1796
1810
1803
1806
1834
1781
1774
1759
1755
1731
1699
1690
1672
1650
1616
1600
1557
1519
1480
1440
1411
1401
1374
1395
1402
1450
1505
1578
1680
1768
1878
2005
2099
2203
2291
2375
2438
2494
2532
2568
2570
2606
2602
2612
2610
2623
2594
2627
2619
2630
2630
2611
2620
2590
2606
2582
2558
2534
2508
2511
2516
2488
2463
2462
2443
2444
2410
2427
2402
2395
2366
2352
2340
2348
2304
2310
2282
2268
2260
2247
2218
2238
2194
2190
2183
2170
2154
2160
2112
2131
2103
2094
2095
2043
2042
2019
1986
2006
1963
1942
1943
1934
1900
1890
1859
1850
1839
1811
1808
1762
1755
1752
1727
1695
1690
1671
1647
1634
1600
1596
1586
1563
1548
1550
1539
1510
1479
1477
1470
1458
1456
1424
1424
1403
1390
1383
1353
1350
1342
1329
1319
1293
1284
1295
1270
1266
1242
1226
1227
1215
1205
1202
1174
1167
1154
1148
1146
