619
603
597
585
592
579
574
579
562
562
560
548
554
546
539
538
532
529
524
517
524
517
519
522
506
513
516
510
512
512
506
512
512
507
512
501
512
508
510
519
510
515
519
513
521
517
519
522
517
518
523
516
524
525
521
530
521
533
535
539
544
540
545
551
554
552
563
554
571
572
576
590
592
603
615
614
635
637
642
656
661
668
678
666
691
711
703
728
730
752
761
764
784
797
805
812
822
836
858
863
887
903
917
951
970
991
1019
1037
1074
1099
1130
1146
1179
1198
1239
1259
1314
1319
1362
1396
1440
1441
1466
1489
1511
1527
1565
1577
1594
1602
1631
1642
1673
1666
1666
1694
1676
1668
1654
1646
1618
1588
1594
1584
1556
1536
1512
1478
1458
1404
1367
1360
1328
1296
1311
1312
1359
1401
1458
1543
1616
1727
1856
1950
2030
2121
2194
2256
2311
2330
2374
2384
2410
2416
2418
2448
2414
2422
2449
2426
2439
2432
2414
2435
2391
2389
2383
2359
2347
2316
2331
2322
2302
2286
2295
2274
2251
2250
2244
2243
2224
2208
2215
2182
2186
2138
2135
2103
2122
2102
2080
2070
2059
2046
2038
2039
2019
2008
1984
1986
1962
1958
1951
1943
1898
1890
1882
1854
1856
1839
1812
1812
1799
1778
1754
1731
1718
1701
1686
1706
1652
1645
1642
1594
1610
1581
1562
1557
1526
1518
1506
1499
1478
1458
1450
1446
1426
1397
1420
1368
1376
1347
1338
1343
1322
1307
1319
1276
1271
1264
1255
1254
1235
1226
1214
1212
1192
1183
1162
1158
1160
1150
1141
1126
1118
1098
1094
1090
