635
609
604
594
602
588
589
586
567
570
567
560
560
549
542
551
531
538
528
526
529
527
523
522
513
518
523
507
511
510
513
515
519
515
516
514
510
514
516
526
517
526
526
523
532
532
531
535
533
528
540
526
538
536
536
549
540
550
548
557
563
566
564
577
577
584
592
586
609
616
618
635
649
663
687
685
715
724
731
750
752
755
781
784
802
822
835
863
861
887
903
913
942
943
970
983
999
1014
1030
1049
1072
1091
1116
1164
1188
1214
1251
1290
1325
1354
1398
1428
1477
1505
1569
1590
1637
1671
1702
1767
1808
1844
1890
1940
1963
2000
2049
2092
2106
2143
2186
2214
2243
2266
2254
2312
2294
2326
2354
2363
2355
2357
2365
2382
2343
2339
2363
2358
2315
2281
2259
2238
2234
2199
2195
2218
2238
2272
2284
2351
2370
2436
2494
2522
2566
2579
2614
2630
2640
2638
2650
2652
2651
2648
2632
2642
2598
2595
2601
2576
2584
2563
2550
2557
2518
2518
2490
2483
2482
2448
2446
2419
2420
2402
2390
2384
2372
2341
2341
2359
2322
2312
2316
2305
2274
2242
2244
2230
2222
2207
2196
2172
2160
2146
2126
2144
2120
2112
2107
2081
2075
2058
2036
2025
1998
1998
1982
1964
1939
1927
1914
1898
1879
1859
1848
1816
1818
1788
1779
1766
1741
1737
1719
1679
1682
1654
1636
1619
1606
1583
1568
1551
1540
1532
1517
1510
1492
1474
1468
1431
1452
1418
1399
1415
1382
1359
1362
1340
1324
1323
1301
1305
1295
1263
1259
1250
1246
1235
1215
1206
1208
1194
1182
1167
1157
1160
1139
1135
