591
570
568
559
564
559
552
555
539
538
541
528
531
526
521
522
518
518
512
501
513
500
498
502
492
502
505
493
496
502
491
498
493
491
495
487
497
493
491
505
494
497
495
490
504
499
502
500
499
493
501
488
503
496
494
503
502
497
507
500
509
500
503
512
510
513
514
512
518
519
514
523
522
526
528
523
536
532
526
530
536
528
534
519
535
537
534
544
538
543
548
545
553
555
552
564
566
568
573
564
583
580
598
614
617
623
645
658
683
703
723
750
773
795
837
863
896
933
983
1010
1052
1082
1137
1182
1212
1275
1307
1355
1382
1426
1467
1508
1542
1585
1586
1636
1630
1645
1683
1702
1700
1710
1723
1730
1732
1719
1738
1735
1701
1680
1666
1652
1650
1626
1646
1650
1690
1718
1768
1830
1896
1962
2023
2071
2117
2155
2170
2218
2209
2210
2231
2210
2226
2222
2214
2214
2206
2187
2182
2162
2184
2164
2172
2166
2132
2132
2111
2110
2076
2064
2056
2064
2056
2039
2026
2002
1985
1998
1984
1978
1955
1956
1954
1958
1926
1910
1899
1864
1870
1862
1858
1830
1847
1828
1802
1810
1796
1785
1786
1762
1753
1738
1728
1719
1695
1686
1682
1635
1650
1636
1611
1616
1604
1586
1570
1556
1546
1530
1522
1510
1490
1467
1477
1436
1441
1423
1399
1404
1370
1353
1357
1346
1332
1314
1298
1303
1288
1273
1263
1240
1236
1235
1202
1213
1184
1176
1177
1158
1158
1152
1123
1138
1104
1106
1102
1085
1085
1072
1061
1063
1047
1040
1030
1017
1021
1003
994
992
