597
573
572
564
569
557
550
555
538
544
538
537
531
525
523
523
512
517
508
506
517
498
498
502
494
497
505
489
494
492
499
500
494
494
499
491
493
494
490
500
490
496
494
485
504
494
492
496
493
495
500
490
498
490
491
502
490
495
496
496
503
500
500
505
502
504
511
500
515
510
505
513
509
507
515
500
519
512
509
519
517
510
517
508
519
520
515
524
520
521
527
519
527
524
532
530
527
531
538
533
542
547
542
558
559
560
574
579
606
607
628
630
657
671
694
714
752
774
803
834
855
890
927
948
987
1013
1059
1086
1120
1156
1206
1228
1278
1287
1294
1350
1355
1374
1402
1421
1416
1433
1455
1471
1458
1464
1473
1458
1479
1450
1447
1450
1448
1444
1454
1464
1511
1536
1569
1628
1667
1710
1757
1793
1834
1855
1870
1894
1912
1914
1931
1924
1929
1914
1902
1911
1902
1897
1911
1877
1903
1863
1887
1877
1862
1854
1859
1831
1808
1790
1805
1803
1786
1762
1775
1766
1759
1749
1740
1751
1731
1726
1719
1691
1715
1657
1663
1648
1643
1636
1635
1614
1612
1594
1588
1616
1575
1574
1570
1562
1554
1536
1520
1530
1495
1493
1488
1467
1463
1443
1439
1442
1420
1407
1415
1383
1375
1358
1354
1347
1325
1310
1308
1277
1276
1270
1248
1252
1215
1205
1221
1209
1182
1172
1175
1168
1159
1143
1140
1127
1130
1111
1096
1099
1083
1072
1071
1056
1051
1035
1037
1034
1016
1014
1000
991
994
978
954
967
947
950
955
932
937
910
919
915
