591
564
566
561
560
559
553
546
543
535
541
530
530
523
520
522
512
517
507
504
511
503
503
503
493
503
506
496
501
500
495
507
499
498
500
493
497
492
501
507
499
501
507
498
516
506
509
512
507
510
515
502
515
511
512
518
516
520
528
530
542
540
535
544
548
545
556
550
572
568
581
604
612
623
646
650
680
683
700
712
718
740
751
755
786
809
814
851
856
880
894
909
926
932
945
967
971
979
1006
1003
1034
1036
1057
1087
1115
1123
1156
1164
1210
1188
1221
1237
1276
1287
1314
1332
1374
1395
1424
1462
1479
1483
1514
1534
1550
1575
1575
1609
1630
1636
1655
1668
1698
1704
1704
1732
1715
1719
1742
1740
1758
1731
1747
1748
1744
1742
1755
1723
1710
1714
1690
1693
1681
1674
1672
1686
1706
1736
1748
1776
1814
1842
1875
1882
1909
1923
1920
1950
1940
1940
1952
1935
1938
1939
1914
1932
1905
1915
1902
1888
1899
1864
1878
1886
1847
1854
1831
1819
1809
1788
1798
1784
1766
1758
1766
1750
1742
1734
1727
1712
1706
1702
1717
1686
1691
1656
1658
1637
1639
1622
1615
1605
1606
1586
1583
1602
1558
1551
1559
1532
1542
1527
1517
1508
1494
1486
1476
1443
1456
1443
1415
1427
1414
1390
1392
1381
1379
1362
1339
1330
1310
1300
1308
1278
1279
1257
1244
1222
1211
1206
1202
1190
1183
1175
1154
1150
1143
1142
1132
1119
1130
1114
1084
1098
1072
1070
1065
1035
1038
1038
1012
1032
1002
1003
999
991
991
966
959
959
945
950
951
937
923
926
911
906
