620
596
598
582
586
581
575
569
560
557
559
551
552
543
536
545
525
532
526
519
523
518
514
520
510
514
516
508
515
510
509
518
513
505
508
499
510
506
507
510
508
508
508
505
519
510
513
514
512
512
515
506
522
509
516
519
520
521
524
526
533
531
531
539
532
546
543
539
547
549
548
571
561
568
587
574
593
592
597
605
606
606
610
610
630
630
634
647
650
650
663
666
673
684
677
692
695
697
707
713
728
742
761
778
795
806
834
851
871
879
919
947
976
999
1040
1074
1111
1150
1184
1232
1266
1298
1329
1362
1404
1422
1458
1480
1528
1538
1587
1606
1641
1658
1668
1726
1689
1716
1720
1736
1751
1727
1736
1752
1738
1718
1726
1718
1699
1670
1655
1650
1638
1631
1635
1654
1689
1722
1747
1814
1839
1892
1962
1986
2011
2051
2090
2116
2118
2118
2123
2131
2133
2118
2112
2124
2102
2088
2102
2110
2109
2084
2067
2086
2039
2058
2038
2019
1987
1967
1974
1972
1961
1950
1951
1926
1924
1895
1907
1911
1882
1879
1862
1866
1858
1826
1827
1808
1816
1783
1786
1783
1774
1763
1740
1745
1722
1719
1716
1699
1703
1682
1688
1662
1644
1638
1633
1604
1608
1567
1571
1566
1550
1533
1524
1516
1502
1482
1466
1466
1455
1437
1426
1398
1388
1372
1360
1353
1327
1314
1307
1294
1290
1286
1270
1267
1247
1234
1237
1217
1218
1198
1182
1192
1164
1150
1155
1127
1125
1130
1103
1101
1089
1083
1088
1065
1062
1046
1038
1035
1020
1019
1016
1000
994
983
982
976
