612
589
582
570
580
567
567
567
552
547
554
543
538
532
526
534
525
518
510
515
518
509
509
514
499
511
512
498
507
499
503
505
505
503
502
497
508
505
498
511
503
510
508
502
516
506
512
509
511
504
518
503
519
512
512
525
513
522
525
527
533
530
535
542
538
540
548
539
561
557
556
572
570
572
583
578
600
593
595
604
602
610
608
607
619
627
625
638
644
651
658
662
665
672
681
681
684
691
705
704
726
733
740
768
780
802
816
846
889
914
935
973
1011
1051
1104
1143
1207
1250
1296
1353
1409
1463
1491
1532
1598
1630
1662
1689
1735
1774
1826
1847
1888
1916
1916
1976
1971
1979
1973
2004
1999
1997
2016
2004
1995
1996
1994
1958
1923
1906
1884
1858
1864
1822
1850
1850
1889
1946
1982
2046
2088
2148
2210
2266
2302
2342
2370
2394
2395
2408
2406
2423
2435
2420
2403
2394
2398
2391
2389
2378
2362
2375
2337
2361
2338
2320
2318
2283
2280
2251
2250
2242
2227
2227
2214
2190
2186
2183
2187
2186
2138
2138
2118
2115
2108
2090
2064
2039
2034
2023
2011
1998
2010
1991
1963
1975
1967
1938
1932
1914
1919
1891
1880
1880
1847
1823
1822
1790
1807
1776
1756
1758
1737
1714
1716
1682
1676
1655
1639
1646
1614
1587
1583
1558
1547
1535
1510
1513
1476
1466
1458
1450
1430
1411
1402
1406
1385
1358
1367
1339
1338
1318
1313
1307
1286
1274
1266
1238
1247
1242
1217
1211
1202
1194
1174
1163
1159
1144
1135
1130
1118
1114
1102
1091
1074
1065
1056
1061
