622
591
591
575
590
579
570
574
557
559
551
548
549
540
537
546
529
531
519
513
523
518
518
520
511
508
520
506
512
504
514
519
512
510
507
507
512
513
506
519
512
516
521
512
536
520
522
524
523
524
534
520
532
526
527
535
531
540
539
549
555
546
551
566
566
570
574
570
589
599
601
624
637
644
678
678
713
714
732
746
770
771
801
810
828
850
868
907
907
942
966
969
996
1002
1027
1041
1047
1063
1086
1091
1123
1119
1148
1183
1193
1206
1250
1267
1297
1303
1351
1343
1374
1402
1427
1447
1476
1492
1535
1564
1575
1598
1611
1633
1647
1657
1686
1687
1722
1716
1755
1760
1790
1796
1787
1814
1791
1783
1782
1768
1748
1724
1719
1715
1680
1680
1640
1604
1563
1520
1479
1459
1434
1408
1408
1410
1439
1486
1535
1622
1707
1800
1926
2007
2074
2170
2255
2326
2345
2375
2396
2435
2450
2442
2453
2464
2460
2455
2454
2446
2442
2450
2426
2423
2419
2427
2391
2384
2358
2330
2333
2318
2302
2298
2300
2276
2275
2242
2250
2250
2232
2215
2199
2192
2186
2154
2156
2125
2131
2102
2104
2078
2078
2052
2040
2047
2034
2007
2019
1981
1983
1970
1942
1940
1902
1899
1890
1862
1870
1841
1826
1834
1810
1790
1756
1755
1751
1718
1710
1694
1681
1640
1643
1630
1610
1592
1582
1547
1536
1522
1521
1507
1487
1466
1463
1439
1430
1400
1406
1375
1387
1363
1327
1350
1320
1311
1306
1279
1270
1268
1254
1255
1236
1220
1219
1194
1190
1175
1162
1160
1148
1150
1134
1124
1111
1100
1091
1098
