600
565
567
549
562
555
552
547
537
538
542
531
534
521
515
522
510
513
510
506
514
506
495
504
490
500
501
496
497
492
493
498
493
497
497
491
493
498
499
502
498
500
499
495
505
499
498
499
498
500
505
494
504
499
501
509
497
503
507
507
511
509
511
513
514
520
523
516
523
527
526
539
526
539
541
530
539
536
540
546
545
546
552
539
557
548
552
562
558
567
576
569
579
580
583
594
597
599
612
610
630
639
650
667
682
698
718
743
773
788
821
847
883
915
963
984
1031
1073
1110
1162
1192
1228
1267
1307
1343
1379
1411
1442
1495
1511
1545
1590
1616
1627
1648
1680
1654
1668
1687
1683
1684
1685
1688
1702
1674
1662
1670
1648
1641
1608
1592
1596
1575
1558
1582
1587
1622
1668
1732
1798
1844
1895
1978
2016
2060
2095
2122
2160
2150
2180
2186
2168
2198
2159
2159
2159
2160
2135
2138
2154
2138
2118
2126
2118
2090
2087
2076
2064
2043
2015
2038
2018
2002
1990
1986
1963
1954
1938
1940
1943
1918
1911
1910
1898
1903
1869
1858
1839
1839
1834
1812
1794
1796
1788
1764
1763
1750
1730
1734
1731
1708
1694
1695
1684
1661
1635
1639
1615
1612
1587
1571
1591
1564
1550
1542
1515
1503
1503
1490
1479
1453
1442
1438
1406
1394
1386
1374
1372
1345
1330
1322
1312
1302
1287
1274
1287
1258
1235
1251
1225
1222
1209
1188
1196
1164
1154
1159
1143
1139
1124
1108
1111
1099
1088
1082
1070
1070
1051
1037
1036
1024
1028
1012
1002
994
986
983
982
