592
570
568
565
566
553
555
550
544
538
539
531
533
524
524
522
517
512
514
502
512
503
501
503
495
499
504
488
496
498
494
498
498
495
497
495
492
489
496
499
491
498
500
488
503
492
496
496
495
494
502
490
502
491
492
501
491
498
501
500
505
498
502
510
506
508
511
502
514
509
504
521
510
512
522
508
519
518
517
517
520
514
518
507
525
520
522
530
528
529
530
525
533
528
528
544
535
544
550
548
559
560
567
580
586
587
613
617
637
641
665
689
703
718
756
769
818
845
875
914
938
981
1020
1026
1074
1101
1136
1178
1212
1244
1275
1303
1347
1364
1375
1430
1416
1442
1467
1467
1478
1486
1499
1520
1503
1521
1518
1514
1521
1506
1486
1484
1502
1481
1506
1520
1556
1586
1623
1675
1710
1754
1784
1823
1857
1851
1880
1914
1914
1914
1915
1900
1912
1898
1890
1894
1876
1886
1888
1859
1875
1872
1868
1879
1827
1833
1810
1804
1799
1770
1771
1763
1765
1754
1763
1727
1722
1719
1718
1722
1697
1686
1690
1674
1682
1647
1638
1626
1622
1617
1618
1588
1598
1600
1579
1575
1578
1564
1544
1535
1523
1530
1518
1509
1490
1492
1467
1435
1454
1434
1408
1431
1402
1388
1383
1366
1375
1339
1341
1332
1314
1276
1296
1274
1267
1254
1235
1222
1207
1191
1196
1187
1178
1164
1153
1159
1146
1126
1127
1102
1120
1090
1086
1089
1079
1060
1062
1026
1038
1038
1010
1025
1002
1000
995
981
967
966
954
955
950
950
940
934
919
918
902
905
