607
586
583
572
572
572
563
565
555
549
551
544
539
532
528
534
524
516
516
507
521
511
512
513
507
509
508
502
506
503
503
509
501
506
505
506
505
502
507
517
507
514
516
509
522
520
522
518
517
525
527
516
528
528
529
534
531
539
543
547
560
554
559
570
571
580
585
583
604
610
617
644
654
684
700
719
737
766
780
791
816
830
859
866
898
911
932
965
991
1006
1035
1046
1066
1091
1095
1119
1123
1147
1180
1186
1218
1233
1239
1286
1299
1334
1370
1397
1437
1453
1479
1498
1556
1566
1609
1626
1677
1712
1743
1787
1807
1839
1860
1872
1892
1934
1963
1979
2007
2049
2062
2083
2107
2119
2107
2169
2160
2146
2178
2187
2179
2174
2206
2194
2182
2162
2182
2167
2158
2116
2103
2090
2092
2077
2084
2092
2134
2166
2222
2243
2254
2292
2338
2376
2386
2402
2416
2439
2411
2439
2434
2434
2443
2414
2410
2394
2395
2367
2378
2361
2366
2362
2338
2331
2306
2310
2275
2283
2250
2222
2244
2230
2194
2194
2207
2166
2170
2158
2158
2155
2125
2106
2114
2088
2087
2053
2043
2028
2012
2010
1982
1975
1979
1955
1951
1962
1934
1922
1918
1886
1886
1872
1864
1862
1817
1817
1806
1778
1776
1750
1738
1738
1723
1695
1702
1677
1666
1650
1642
1620
1602
1574
1565
1537
1531
1523
1491
1496
1472
1450
1443
1434
1415
1410
1390
1394
1375
1345
1355
1335
1335
1315
1290
1296
1283
1263
1263
1235
1236
1227
1212
1207
1179
1185
1161
1152
1152
1139
1132
1116
1108
1106
1107
1087
1076
1062
1052
1058
