610
588
590
575
582
573
566
566
556
552
554
547
546
540
527
536
523
525
516
511
519
515
508
508
507
510
512
501
509
501
505
507
508
500
503
500
502
502
503
510
499
505
504
502
514
512
509
510
504
512
518
504
512
512
512
515
514
512
520
512
523
522
520
530
522
526
535
528
539
537
534
544
543
544
553
544
552
550
552
559
560
557
562
552
570
563
571
581
576
575
579
583
590
594
594
600
601
604
614
610
634
631
638
663
662
678
702
711
746
744
775
786
814
838
880
900
944
972
999
1050
1083
1091
1130
1154
1173
1194
1211
1232
1259
1280
1310
1317
1354
1354
1354
1374
1339
1340
1329
1310
1306
1272
1267
1260
1243
1223
1203
1174
1150
1122
1091
1074
1062
1058
1058
1082
1124
1170
1230
1305
1404
1507
1626
1706
1802
1895
1974
2050
2098
2134
2178
2224
2247
2247
2258
2279
2295
2292
2319
2308
2318
2306
2316
2326
2299
2306
2296
2274
2271
2223
2235
2243
2216
2206
2215
2196
2192
2179
2167
2170
2128
2119
2136
2111
2107
2089
2082
2038
2052
2018
2008
2007
1996
1978
1959
1966
1959
1932
1934
1907
1903
1884
1876
1866
1842
1820
1818
1792
1791
1778
1766
1750
1727
1706
1698
1687
1679
1668
1635
1643
1611
1586
1592
1558
1558
1534
1511
1498
1476
1471
1452
1444
1427
1417
1409
1398
1388
1370
1372
1349
1351
1326
1315
1308
1280
1274
1270
1251
1233
1237
1217
1230
1202
1196
1189
1178
1169
1158
1124
1134
1124
1119
1108
1099
1091
1075
1066
1064
