620
595
596
582
596
580
575
572
561
554
562
549
551
541
540
537
531
527
529
516
527
519
516
516
513
514
519
500
512
503
505
510
506
501
511
499
503
503
509
509
503
505
511
502
512
506
510
510
505
510
514
507
516
512
507
517
513
519
515
519
519
523
518
527
521
533
534
532
544
542
538
550
550
558
562
554
568
563
560
570
575
573
578
565
579
588
584
600
593
599
599
595
600
607
616
622
622
632
643
636
656
659
671
683
696
710
734
743
779
786
809
835
867
884
921
943
986
1025
1043
1094
1117
1155
1182
1204
1243
1247
1294
1295
1328
1343
1375
1394
1422
1422
1425
1439
1409
1412
1406
1390
1372
1351
1334
1324
1306
1276
1262
1217
1198
1153
1123
1087
1067
1051
1048
1052
1078
1127
1178
1261
1346
1475
1598
1706
1814
1931
2027
2126
2169
2228
2260
2299
2364
2368
2372
2406
2391
2395
2426
2415
2435
2406
2432
2434
2395
2414
2382
2394
2371
2352
2343
2335
2342
2324
2328
2299
2311
2282
2291
2266
2263
2250
2258
2222
2221
2170
2190
2156
2151
2131
2131
2098
2121
2088
2076
2066
2058
2053
2042
1996
2000
1988
1987
1966
1934
1935
1916
1882
1874
1867
1850
1848
1836
1802
1810
1773
1768
1762
1718
1721
1698
1672
1666
1639
1633
1622
1604
1591
1572
1539
1530
1520
1507
1498
1476
1473
1450
1438
1425
1412
1406
1385
1364
1377
1353
1328
1326
1304
1299
1290
1270
1263
1263
1243
1238
1207
1208
1199
1183
1181
1175
1168
1167
1135
1141
1123
1112
1110
