602
580
577
572
574
566
559
560
552
551
550
540
542
534
532
532
524
526
517
511
522
512
515
512
508
512
519
498
509
504
506
512
503
504
505
504
503
504
503
516
505
514
514
509
514
512
512
515
507
513
513
510
521
510
519
521
518
523
530
525
538
534
539
540
542
542
557
548
566
565
566
577
583
580
599
592
618
623
622
636
628
640
657
659
675
683
684
720
712
728
739
742
750
766
765
774
780
796
801
813
837
840
852
876
898
902
922
935
970
964
1003
1010
1048
1054
1090
1102
1126
1147
1178
1203
1231
1230
1249
1254
1267
1275
1284
1298
1307
1311
1336
1346
1362
1358
1347
1378
1346
1339
1330
1330
1308
1280
1286
1282
1250
1239
1221
1196
1181
1127
1121
1117
1105
1087
1098
1104
1130
1174
1221
1282
1346
1418
1498
1574
1607
1675
1739
1805
1813
1842
1866
1902
1898
1904
1900
1923
1927
1913
1916
1936
1943
1908
1912
1914
1893
1893
1880
1867
1863
1844
1845
1830
1812
1817
1828
1799
1787
1780
1794
1786
1766
1762
1750
1733
1727
1711
1710
1678
1690
1661
1678
1651
1659
1634
1629
1639
1624
1626
1603
1594
1586
1572
1581
1581
1541
1523
1508
1515
1494
1484
1463
1475
1454
1440
1440
1407
1404
1411
1387
1373
1362
1343
1338
1317
1308
1298
1267
1264
1259
1234
1233
1222
1207
1200
1192
1191
1184
1163
1158
1147
1155
1128
1111
1118
1105
1095
1084
1061
1066
1064
1035
1054
1027
1025
1020
1011
1007
996
973
986
969
973
958
944
953
936
937
924
