599
580
566
566
576
563
559
559
547
541
546
540
542
526
528
531
520
520
515
509
517
510
505
508
502
502
508
496
503
502
501
503
499
503
500
499
501
499
499
510
498
500
503
498
513
504
507
509
506
509
511
501
507
508
500
512
502
512
512
513
516
517
518
519
519
524
526
526
536
535
527
542
534
539
548
537
552
543
545
550
548
554
558
553
563
570
563
578
570
582
588
584
594
596
604
608
611
620
631
638
654
663
675
702
712
738
761
778
819
823
870
890
933
964
994
1032
1083
1126
1171
1223
1243
1285
1328
1351
1390
1407
1446
1482
1503
1544
1563
1594
1626
1618
1636
1676
1667
1674
1690
1691
1692
1679
1706
1700
1684
1684
1684
1653
1652
1619
1629
1603
1598
1591
1589
1616
1651
1688
1735
1790
1840
1879
1949
1994
2018
2037
2077
2084
2083
2100
2127
2093
2119
2084
2087
2070
2064
2055
2084
2042
2052
2038
2041
2030
2012
2007
1997
1983
1968
1942
1943
1934
1910
1906
1911
1890
1876
1857
1869
1876
1858
1846
1831
1815
1799
1790
1776
1763
1746
1758
1739
1718
1727
1714
1710
1714
1694
1666
1671
1651
1652
1647
1623
1610
1603
1590
1576
1559
1554
1535
1534
1523
1514
1488
1483
1468
1459
1449
1432
1434
1398
1395
1386
1363
1351
1331
1326
1316
1293
1284
1270
1261
1258
1234
1233
1235
1231
1198
1214
1174
1181
1157
1145
1154
1134
1134
1123
1100
1112
1082
1071
1070
1066
1059
1051
1042
1032
1027
1004
1005
994
997
977
978
978
959
953
948
