620
592
590
586
588
578
572
572
559
552
559
548
546
535
535
538
525
524
522
515
520
514
506
512
502
510
511
496
503
504
502
504
502
498
503
502
503
502
500
510
502
508
504
499
518
507
508
512
511
507
512
506
522
507
510
513
507
516
514
519
526
519
517
530
522
531
535
525
538
535
535
547
546
546
550
551
562
558
555
553
552
558
558
546
555
559
563
573
565
575
581
574
589
586
589
595
591
598
609
604
622
624
633
648
655
660
687
694
730
734
775
784
832
858
898
925
969
1004
1050
1102
1141
1194
1244
1298
1357
1402
1462
1531
1580
1616
1686
1738
1788
1834
1867
1939
1956
2006
2036
2079
2114
2122
2158
2185
2192
2218
2222
2242
2219
2214
2206
2206
2215
2197
2238
2218
2278
2334
2346
2415
2443
2504
2547
2574
2586
2623
2631
2660
2682
2662
2679
2668
2678
2658
2655
2652
2627
2622
2638
2594
2616
2602
2590
2594
2558
2547
2535
2523
2494
2475
2463
2470
2444
2426
2446
2406
2398
2388
2396
2394
2362
2346
2337
2315
2320
2286
2291
2258
2263
2248
2204
2191
2220
2196
2181
2172
2134
2126
2124
2094
2108
2088
2074
2054
2023
2018
1995
1966
1971
1940
1922
1921
1901
1886
1874
1848
1826
1812
1795
1794
1763
1738
1727
1708
1695
1686
1656
1630
1628
1575
1591
1571
1558
1535
1524
1534
1493
1486
1479
1464
1446
1438
1410
1417
1391
1372
1366
1351
1346
1334
1316
1305
1299
1282
1278
1256
1257
1226
1218
1215
1210
1211
1197
1164
1174
1160
1145
1138
