615
591
584
574
582
575
566
570
551
551
552
548
543
531
531
534
526
524
520
512
525
512
508
506
504
505
514
496
506
503
501
507
505
503
508
494
501
501
508
510
505
511
514
507
521
515
518
519
512
519
525
512
517
521
520
533
524
524
532
532
541
542
540
547
545
555
566
552
570
569
576
601
598
612
633
625
646
657
659
672
681
678
694
688
710
710
723
748
741
765
769
786
794
812
811
839
844
854
871
878
916
920
937
970
988
1014
1046
1074
1111
1133
1178
1211
1262
1286
1335
1362
1418
1446
1502
1550
1573
1626
1672
1690
1750
1779
1818
1840
1894
1936
1974
1977
2024
2047
2067
2116
2098
2122
2151
2169
2174
2172
2190
2198
2187
2198
2200
2190
2178
2151
2126
2131
2118
2095
2114
2134
2151
2181
2210
2270
2294
2322
2368
2403
2418
2430
2444
2460
2479
2470
2487
2484
2460
2467
2443
2454
2437
2414
2435
2403
2420
2416
2395
2411
2367
2372
2371
2346
2344
2306
2310
2299
2283
2283
2266
2252
2215
2239
2231
2215
2202
2200
2201
2174
2174
2150
2156
2100
2112
2102
2078
2054
2046
2038
2027
2014
2010
1996
1997
1965
1963
1961
1939
1920
1905
1886
1872
1855
1839
1822
1818
1811
1789
1772
1763
1737
1725
1706
1707
1692
1669
1631
1638
1607
1598
1579
1562
1564
1540
1520
1518
1500
1476
1467
1456
1457
1439
1418
1423
1395
1387
1374
1351
1343
1335
1306
1306
1296
1287
1285
1271
1262
1249
1223
1232
1200
1203
1183
1169
1170
1158
1161
1147
1129
1124
1109
1108
1108
