605
575
570
566
580
569
561
561
552
546
540
542
539
533
523
531
515
519
512
508
514
511
506
509
502
507
508
498
505
501
502
508
502
492
506
496
505
500
509
512
507
504
515
499
521
511
518
518
516
511
525
515
523
515
516
526
528
526
540
537
551
543
550
561
556
568
571
574
580
591
599
615
625
642
668
674
702
704
718
744
749
764
787
791
817
828
850
882
889
906
932
931
959
967
982
994
1009
1020
1044
1050
1092
1095
1119
1148
1168
1194
1234
1254
1294
1306
1356
1363
1409
1432
1482
1511
1545
1586
1613
1676
1680
1711
1739
1740
1781
1795
1843
1852
1886
1901
1936
1959
1976
1979
1982
2023
2002
2010
2034
2034
2034
2025
2034
2060
2032
2014
2023
1990
1986
1964
1950
1941
1929
1914
1930
1951
1974
2014
2035
2079
2107
2150
2210
2232
2242
2267
2283
2306
2295
2309
2290
2308
2290
2285
2272
2270
2246
2230
2256
2227
2220
2222
2207
2222
2164
2182
2161
2140
2138
2114
2102
2090
2090
2064
2072
2050
2058
2010
2035
2023
2003
1990
1991
1975
1968
1930
1932
1900
1895
1905
1891
1870
1865
1852
1847
1840
1820
1834
1806
1786
1784
1763
1751
1758
1722
1724
1703
1682
1681
1661
1639
1646
1622
1620
1610
1589
1570
1552
1550
1525
1518
1480
1492
1462
1458
1434
1422
1408
1388
1367
1373
1354
1340
1339
1307
1332
1294
1286
1281
1254
1254
1239
1232
1239
1214
1207
1191
1174
1176
1173
1150
1161
1134
1127
1116
1111
1099
1078
1070
1067
1071
1056
1055
1038
1035
1015
1010
1006
