614
594
591
578
590
578
572
570
563
562
562
548
549
536
534
539
522
535
519
518
522
520
517
516
507
507
516
505
510
506
506
515
503
509
508
495
498
503
501
514
507
508
513
499
514
507
512
508
503
510
516
506
516
510
512
523
504
514
514
519
522
518
518
523
521
531
532
521
538
535
531
546
536
539
543
543
554
548
545
548
550
546
551
542
558
562
548
565
566
566
567
570
576
573
581
583
589
589
605
592
620
614
628
639
644
664
676
691
711
724
753
767
794
813
854
878
919
944
976
1022
1045
1069
1106
1136
1166
1191
1227
1247
1274
1294
1330
1339
1367
1383
1378
1417
1386
1387
1388
1370
1351
1338
1328
1328
1301
1273
1271
1232
1198
1171
1138
1122
1105
1078
1087
1096
1138
1178
1261
1340
1428
1542
1660
1762
1866
1963
2028
2134
2179
2206
2270
2288
2335
2339
2332
2362
2351
2351
2384
2366
2373
2374
2359
2390
2342
2362
2355
2327
2312
2294
2295
2314
2288
2253
2254
2242
2235
2218
2231
2218
2201
2190
2190
2156
2164
2134
2114
2106
2110
2103
2075
2065
2052
2024
2022
2040
2012
2000
1977
1963
1954
1944
1924
1917
1887
1879
1879
1849
1842
1815
1799
1804
1771
1754
1762
1736
1710
1714
1684
1678
1650
1628
1622
1596
1594
1579
1552
1547
1520
1497
1494
1470
1458
1446
1431
1426
1407
1398
1398
1372
1366
1358
1334
1331
1314
1304
1292
1267
1263
1266
1240
1246
1227
1221
1204
1191
1191
1176
1156
1162
1145
1143
1123
1108
1110
1100
1086
1082
