632
608
606
598
607
593
578
583
571
562
574
563
556
552
550
552
537
537
528
528
535
527
521
531
515
524
523
514
521
516
522
527
523
519
523
521
518
519
519
535
530
534
533
526
537
537
535
540
541
539
543
542
548
548
544
558
551
560
568
573
578
582
580
597
593
610
613
617
630
639
641
677
684
705
722
732
759
776
793
814
823
832
858
870
907
927
936
970
985
1024
1042
1052
1082
1101
1114
1126
1139
1163
1184
1193
1250
1268
1282
1342
1380
1396
1438
1455
1507
1529
1558
1604
1639
1671
1717
1752
1778
1830
1862
1913
1949
1975
2010
2018
2066
2090
2108
2131
2168
2178
2238
2244
2273
2279
2290
2338
2316
2321
2339
2347
2352
2329
2339
2349
2334
2327
2343
2301
2275
2254
2242
2226
2226
2214
2222
2234
2254
2297
2347
2396
2416
2450
2514
2530
2576
2598
2613
2642
2626
2638
2651
2634
2640
2610
2626
2618
2603
2574
2596
2568
2573
2554
2554
2542
2514
2503
2500
2468
2462
2426
2428
2416
2394
2386
2386
2358
2351
2332
2325
2333
2322
2292
2274
2270
2280
2230
2217
2198
2190
2174
2176
2123
2134
2123
2118
2115
2103
2064
2059
2054
2051
2038
2018
1998
1964
1958
1956
1919
1920
1895
1878
1883
1851
1850
1834
1807
1790
1774
1771
1743
1722
1686
1686
1666
1646
1627
1612
1602
1582
1558
1548
1545
1530
1502
1486
1468
1470
1455
1451
1426
1426
1399
1392
1395
1370
1350
1360
1317
1311
1310
1295
1287
1275
1254
1248
1230
1227
1208
1204
1195
1185
1175
1159
1152
1134
1134
1120
1122
