606
587
585
574
582
580
565
565
551
554
556
540
543
539
530
531
526
519
519
510
520
513
511
507
499
513
513
503
503
501
500
509
504
503
506
499
502
505
499
508
501
502
506
495
513
504
508
506
505
506
510
499
506
504
504
514
499
510
507
510
519
511
515
522
517
526
525
516
528
527
524
536
530
531
539
530
542
534
537
535
536
536
542
531
543
542
541
556
545
555
561
558
566
560
568
575
572
578
587
587
608
606
618
634
642
656
679
689
727
737
762
791
820
842
888
919
954
991
1026
1070
1096
1146
1188
1222
1248
1305
1326
1369
1422
1436
1463
1494
1546
1554
1574
1621
1602
1614
1627
1619
1624
1617
1643
1643
1628
1622
1623
1594
1596
1559
1546
1530
1523
1515
1546
1556
1575
1630
1678
1748
1811
1874
1954
2014
2030
2076
2116
2155
2170
2186
2177
2180
2187
2168
2176
2173
2170
2154
2160
2143
2142
2150
2126
2132
2104
2099
2106
2071
2064
2038
2031
2032
2020
2005
2000
1990
1967
1966
1960
1972
1938
1923
1942
1907
1936
1886
1882
1855
1855
1844
1823
1814
1815
1786
1781
1785
1767
1762
1764
1734
1726
1717
1691
1702
1676
1671
1666
1639
1636
1620
1598
1603
1590
1566
1572
1542
1531
1498
1522
1499
1483
1456
1453
1425
1418
1403
1386
1375
1356
1332
1337
1323
1302
1295
1282
1287
1260
1260
1249
1232
1237
1222
1203
1198
1186
1167
1178
1142
1145
1137
1128
1124
1104
1098
1098
1079
1076
1058
1052
1042
1019
1044
1040
1006
1003
998
1002
987
