620
590
590
579
587
580
572
575
560
559
563
552
549
539
539
541
534
529
521
520
527
516
518
515
510
512
514
505
510
508
502
514
507
509
504
503
504
507
503
514
501
507
510
502
513
506
507
509
506
510
512
501
515
506
507
511
506
509
510
515
517
516
512
526
519
526
527
521
531
527
522
532
527
533
544
536
543
540
536
550
546
544
550
539
553
559
554
566
559
563
574
565
579
572
579
589
588
588
600
595
615
613
626
639
639
643
664
670
699
706
727
740
766
773
814
828
864
886
915
958
971
1006
1031
1060
1098
1113
1164
1177
1225
1239
1282
1300
1340
1355
1371
1418
1394
1411
1426
1428
1434
1424
1451
1453
1438
1431
1439
1426
1414
1382
1379
1366
1358
1355
1350
1403
1435
1479
1532
1619
1670
1750
1831
1878
1927
1974
2023
2074
2087
2094
2120
2115
2129
2131
2119
2114
2102
2110
2130
2104
2132
2119
2091
2107
2075
2083
2066
2053
2050
2030
2019
2012
2004
1986
1994
1987
1976
1960
1959
1943
1930
1926
1916
1903
1896
1874
1863
1854
1830
1834
1834
1811
1808
1814
1776
1798
1766
1756
1759
1724
1740
1722
1725
1706
1687
1665
1671
1634
1631
1623
1607
1607
1575
1568
1564
1546
1534
1530
1509
1506
1466
1447
1454
1425
1414
1409
1390
1387
1362
1344
1338
1327
1317
1287
1282
1284
1279
1260
1261
1229
1232
1214
1204
1198
1191
1186
1173
1140
1155
1134
1111
1130
1107
1098
1097
1085
1068
1076
1054
1048
1044
1038
1030
1020
1017
998
990
991
