619
598
589
583
594
579
575
578
559
561
559
550
551
543
541
540
531
531
527
516
522
518
514
518
508
515
515
509
514
509
509
518
512
507
514
505
511
509
508
517
510
517
514
510
519
514
512
513
512
516
520
517
517
516
516
518
519
516
526
525
534
530
530
533
537
538
548
542
554
547
549
558
553
557
559
555
563
561
563
572
569
569
576
563
578
581
583
592
591
593
608
610
608
613
617
624
621
634
644
647
669
671
685
698
715
727
750
763
793
806
839
855
895
916
955
987
1031
1060
1098
1152
1170
1191
1232
1254
1292
1307
1338
1374
1383
1423
1448
1463
1514
1502
1508
1535
1502
1510
1502
1502
1482
1460
1452
1471
1415
1422
1380
1361
1328
1286
1267
1238
1222
1219
1230
1249
1290
1338
1416
1496
1574
1698
1792
1884
1998
2063
2146
2215
2236
2276
2320
2338
2363
2363
2358
2387
2386
2359
2388
2379
2399
2382
2379
2380
2350
2369
2338
2327
2298
2283
2299
2284
2268
2256
2262
2230
2226
2215
2202
2215
2186
2174
2166
2158
2153
2120
2111
2080
2086
2062
2054
2019
2050
2028
2002
2024
2002
1979
1972
1941
1931
1936
1920
1907
1886
1893
1863
1838
1835
1806
1785
1792
1770
1747
1740
1718
1706
1695
1678
1679
1648
1616
1611
1584
1567
1564
1542
1522
1514
1482
1485
1462
1442
1446
1431
1430
1403
1378
1388
1361
1384
1343
1319
1327
1307
1288
1279
1258
1258
1259
1243
1242
1218
1212
1194
1178
1171
1161
1156
1147
1138
1128
1124
1098
1103
1081
1079
1062
