613
596
589
582
583
577
568
578
562
556
555
547
547
536
532
531
521
530
519
518
517
513
506
515
504
507
512
499
506
503
500
512
503
499
506
495
502
497
506
512
502
508
512
502
515
514
510
512
508
509
517
512
518
513
512
523
512
523
523
522
530
524
527
539
538
539
546
537
547
550
546
569
567
572
578
580
591
587
589
591
595
597
606
603
615
615
618
628
631
640
656
644
663
659
676
678
690
696
721
716
738
740
762
786
797
823
856
880
916
955
986
1021
1076
1086
1162
1190
1250
1302
1352
1411
1466
1508
1584
1614
1670
1718
1767
1808
1860
1890
1935
1980
2026
2051
2073
2138
2113
2142
2175
2191
2198
2182
2215
2194
2206
2194
2198
2182
2152
2132
2096
2094
2075
2051
2050
2078
2110
2160
2215
2275
2315
2380
2444
2484
2521
2559
2586
2623
2616
2614
2630
2626
2644
2614
2619
2622
2613
2595
2602
2582
2568
2558
2551
2578
2534
2546
2518
2492
2473
2462
2470
2439
2421
2412
2418
2401
2386
2365
2364
2356
2335
2329
2335
2314
2305
2274
2251
2220
2231
2218
2219
2179
2192
2170
2150
2154
2128
2115
2109
2099
2076
2076
2040
2039
2000
2004
1980
1955
1943
1929
1917
1912
1892
1868
1854
1845
1822
1811
1793
1770
1732
1715
1700
1699
1682
1659
1642
1637
1603
1590
1594
1559
1547
1545
1525
1502
1487
1476
1479
1434
1452
1425
1418
1412
1395
1367
1368
1360
1333
1334
1310
1328
1294
1284
1273
1252
1254
1231
1210
1222
1203
1199
1196
1174
1174
1148
1140
1137
