637
607
612
603
610
600
591
594
574
572
576
570
556
556
553
551
546
535
540
525
539
532
525
531
522
525
526
514
515
520
514
521
517
515
519
514
516
516
516
521
517
515
523
509
521
518
521
525
512
519
522
513
524
519
514
531
519
524
524
526
534
526
526
531
539
537
546
530
549
546
544
550
543
546
549
544
556
547
546
556
549
554
556
550
560
558
555
558
564
569
575
573
578
578
580
583
587
588
595
595
612
611
621
643
643
658
675
685
712
725
755
775
812
822
871
889
941
966
1022
1072
1096
1155
1198
1229
1263
1315
1346
1410
1450
1479
1523
1560
1630
1650
1678
1730
1724
1749
1782
1792
1823
1825
1826
1855
1835
1852
1846
1838
1809
1787
1761
1762
1754
1746
1766
1763
1811
1864
1910
1987
2050
2120
2200
2247
2303
2342
2384
2422
2446
2450
2467
2477
2482
2462
2466
2471
2455
2438
2468
2444
2450
2442
2435
2448
2407
2404
2400
2370
2359
2336
2339
2333
2298
2295
2294
2279
2286
2270
2258
2262
2227
2211
2224
2204
2198
2162
2160
2137
2142
2138
2112
2090
2107
2076
2058
2068
2058
2040
2026
2018
1987
1986
1970
1967
1911
1922
1895
1882
1878
1863
1833
1835
1815
1813
1789
1778
1753
1731
1718
1714
1666
1664
1658
1630
1628
1596
1581
1572
1546
1526
1526
1507
1493
1482
1467
1463
1442
1430
1418
1408
1398
1381
1360
1356
1349
1324
1316
1307
1296
1288
1273
1274
1251
1235
1230
1214
1213
1194
1180
1174
1164
1164
1151
1133
1122
1119
1112
1096
