598
574
574
559
574
562
554
553
543
536
539
532
531
524
525
523
514
512
512
501
514
499
502
502
498
496
502
493
496
494
492
505
494
495
495
491
494
495
492
505
496
494
501
488
505
494
502
500
495
494
507
491
499
497
498
505
494
500
505
503
507
500
506
510
505
512
516
510
521
518
517
524
519
521
529
515
533
519
520
526
522
523
526
522
529
531
527
541
526
535
542
534
536
539
545
544
540
535
548
539
557
548
559
566
566
578
595
591
606
621
630
647
668
680
710
724
765
783
815
852
887
914
940
974
1008
1045
1074
1114
1141
1175
1215
1243
1283
1291
1316
1360
1348
1351
1359
1375
1360
1370
1375
1376
1350
1343
1339
1299
1292
1252
1238
1218
1202
1196
1191
1213
1255
1304
1367
1441
1529
1630
1743
1831
1918
1982
2050
2100
2150
2190
2218
2251
2262
2264
2263
2283
2286
2298
2286
2283
2288
2290
2283
2288
2252
2271
2254
2244
2233
2207
2225
2219
2192
2179
2183
2160
2137
2136
2153
2138
2115
2100
2110
2084
2090
2053
2047
2020
2014
2000
1986
1970
1971
1947
1946
1944
1931
1908
1919
1887
1879
1857
1857
1851
1815
1819
1796
1786
1771
1746
1732
1734
1720
1690
1681
1673
1648
1633
1648
1617
1589
1567
1570
1554
1546
1528
1488
1487
1470
1445
1438
1434
1398
1394
1393
1379
1363
1346
1342
1322
1324
1308
1287
1292
1275
1271
1254
1219
1226
1230
1187
1203
1175
1179
1167
1147
1147
1134
1117
1123
1114
1100
1097
1070
1079
1060
1058
1049
