629
604
596
587
593
585
579
582
570
561
570
559
557
548
546
540
529
538
531
524
526
523
515
521
507
517
520
507
516
512
514
512
515
507
512
504
509
502
505
512
506
513
514
504
518
512
512
513
510
513
513
506
513
508
510
516
508
508
511
513
519
509
517
521
519
522
526
517
534
531
523
541
532
527
540
527
539
536
534
539
534
534
540
526
544
539
537
547
543
550
549
546
551
551
554
555
550
560
559
551
572
564
570
575
568
580
594
594
613
606
621
634
644
654
675
685
718
731
751
782
807
824
867
885
933
963
994
1047
1071
1108
1158
1198
1246
1279
1318
1382
1407
1442
1478
1534
1548
1575
1626
1667
1666
1687
1727
1724
1730
1725
1718
1726
1726
1723
1754
1776
1807
1859
1903
1978
2019
2106
2171
2229
2256
2299
2342
2392
2411
2420
2450
2466
2462
2451
2462
2464
2458
2454
2480
2458
2467
2462
2455
2459
2419
2429
2422
2397
2395
2359
2383
2380
2367
2354
2362
2326
2312
2300
2310
2312
2294
2298
2288
2263
2256
2212
2210
2183
2209
2187
2166
2150
2166
2134
2110
2131
2103
2094
2079
2050
2050
2046
2019
2012
1994
1975
1955
1927
1937
1907
1879
1891
1870
1866
1836
1806
1811
1786
1774
1762
1739
1701
1707
1671
1668
1655
1630
1628
1591
1582
1571
1558
1532
1528
1518
1500
1487
1454
1450
1423
1431
1414
1383
1389
1374
1358
1354
1328
1328
1309
1303
1304
1286
1275
1258
1238
1248
1220
1203
1205
1190
1186
1181
1162
1158
1138
1134
1140
