625
602
598
584
598
584
582
578
566
564
561
556
553
543
543
543
534
527
530
524
529
522
518
526
507
519
513
511
513
510
510
514
512
504
507
502
507
501
507
512
508
507
508
502
512
508
508
512
502
509
513
503
512
512
505
516
503
509
517
512
519
516
512
516
520
524
530
524
533
528
524
538
531
536
538
530
544
537
532
534
536
542
538
538
547
546
539
550
540
546
550
547
554
553
553
556
550
553
559
553
563
560
558
565
563
565
573
568
576
574
584
579
590
588
595
604
615
614
638
647
651
665
697
699
725
735
763
787
817
845
875
910
937
974
1002
1055
1069
1116
1135
1175
1202
1226
1265
1299
1318
1324
1362
1374
1383
1388
1375
1391
1407
1409
1439
1458
1503
1550
1620
1692
1755
1834
1920
1993
2046
2100
2134
2216
2224
2258
2276
2294
2302
2327
2343
2351
2356
2341
2372
2367
2376
2378
2386
2396
2373
2378
2374
2365
2331
2315
2338
2330
2339
2315
2332
2304
2302
2300
2295
2288
2274
2253
2262
2239
2259
2222
2211
2175
2189
2189
2158
2142
2159
2132
2116
2118
2106
2096
2092
2068
2055
2052
2008
2010
1984
1975
1966
1938
1927
1907
1894
1892
1861
1866
1846
1826
1803
1776
1769
1763
1726
1691
1702
1663
1680
1643
1622
1610
1585
1584
1572
1556
1531
1515
1508
1506
1484
1463
1460
1441
1439
1423
1394
1399
1379
1374
1371
1324
1323
1326
1299
1299
1283
1267
1259
1242
1228
1221
1205
1210
1194
1186
1183
1162
1170
1142
1139
1132
