629
608
610
593
599
589
587
582
574
566
565
557
555
548
546
544
537
535
532
526
528
522
519
524
512
518
522
509
507
510
512
522
512
513
511
509
509
509
508
517
505
511
518
503
523
505
512
512
512
512
513
508
513
508
509
514
511
522
516
516
519
517
515
527
519
530
534
527
539
538
534
548
538
539
544
537
544
539
536
546
540
536
549
533
552
549
548
558
553
560
564
553
559
560
567
562
559
559
564
558
578
570
569
580
578
574
586
579
597
585
595
601
615
611
627
625
646
650
673
697
698
714
739
754
787
800
822
859
886
916
948
977
1006
1048
1082
1119
1136
1174
1217
1235
1258
1283
1303
1339
1338
1360
1383
1373
1383
1378
1381
1375
1388
1382
1414
1434
1470
1538
1606
1682
1750
1832
1922
2006
2058
2126
2154
2212
2258
2270
2314
2309
2348
2341
2352
2367
2357
2367
2380
2359
2386
2373
2390
2398
2370
2373
2370
2371
2351
2338
2332
2340
2308
2306
2327
2305
2282
2274
2270
2298
2247
2246
2261
2234
2226
2187
2186
2184
2179
2158
2144
2110
2130
2094
2083
2100
2090
2051
2066
2037
2034
2027
2007
1986
1962
1964
1950
1916
1916
1898
1868
1876
1849
1823
1831
1799
1777
1773
1749
1750
1712
1678
1676
1654
1650
1632
1602
1592
1570
1553
1555
1530
1518
1502
1483
1494
1470
1451
1438
1436
1417
1402
1394
1383
1360
1350
1334
1311
1302
1306
1274
1280
1271
1250
1256
1222
1232
1208
1198
1191
1191
1174
1168
1154
1143
1129
1119
1120
