587
567
565
544
562
544
547
548
535
531
536
530
528
522
514
522
511
511
505
502
507
500
498
500
492
490
499
488
497
492
495
499
492
491
495
480
493
487
490
500
488
495
492
485
498
493
494
497
494
494
498
490
493
490
495
494
494
495
499
494
505
496
498
503
502
509
511
498
513
508
504
514
508
515
517
507
521
517
512
518
523
521
522
514
523
522
520
531
523
527
530
529
531
534
528
539
535
538
539
533
548
543
550
559
563
566
581
586
603
601
625
633
659
667
687
702
737
765
788
832
845
872
903
922
956
981
995
1030
1067
1090
1122
1128
1165
1179
1199
1204
1204
1215
1210
1206
1193
1184
1186
1186
1161
1153
1131
1111
1083
1051
1028
1000
998
985
986
986
1019
1055
1100
1182
1258
1360
1463
1569
1648
1734
1790
1878
1904
1951
1988
2010
2046
2055
2058
2074
2079
2083
2112
2082
2096
2103
2096
2108
2078
2082
2078
2062
2042
2022
2030
2040
2034
2022
2016
1997
1982
1979
1964
1966
1943
1927
1950
1927
1924
1882
1882
1864
1847
1856
1831
1819
1838
1796
1795
1808
1782
1763
1764
1738
1745
1714
1716
1708
1683
1667
1680
1642
1643
1626
1615
1619
1589
1567
1571
1554
1530
1519
1517
1508
1486
1456
1462
1434
1436
1414
1392
1383
1362
1362
1339
1334
1321
1300
1299
1287
1277
1259
1254
1234
1243
1222
1210
1203
1184
1180
1171
1152
1149
1149
1126
1130
1107
1097
1094
1086
1072
1066
1053
1051
1039
1039
1034
1015
1012
1004
990
987
