627
601
591
579
601
577
578
572
568
560
561
554
549
542
535
547
530
531
524
522
526
520
515
519
509
517
520
507
515
505
504
512
509
504
508
502
506
507
505
509
504
506
508
502
507
508
504
508
498
505
509
502
514
502
502
507
506
505
511
506
521
508
513
516
520
521
526
511
525
528
516
533
523
527
531
522
531
527
525
532
532
527
534
522
539
532
532
539
534
535
541
534
542
543
539
543
536
541
545
546
559
554
549
550
552
552
559
555
570
560
570
568
571
580
590
592
606
615
618
637
647
655
679
679
707
715
733
758
790
801
836
856
891
926
946
980
995
1020
1058
1082
1122
1131
1158
1200
1204
1228
1240
1258
1271
1266
1277
1302
1303
1310
1330
1350
1398
1446
1469
1545
1588
1662
1719
1756
1817
1862
1909
1948
1954
1984
2004
2020
2058
2060
2071
2082
2071
2084
2092
2090
2097
2091
2100
2115
2086
2109
2079
2079
2071
2042
2058
2065
2054
2056
2058
2042
2034
2023
2032
2014
2022
2007
1996
1998
1974
1970
1952
1934
1916
1935
1915
1907
1915
1890
1858
1864
1885
1854
1851
1830
1825
1827
1793
1791
1766
1750
1745
1728
1722
1710
1690
1690
1667
1639
1654
1630
1616
1592
1587
1574
1559
1533
1524
1494
1498
1480
1465
1459
1422
1414
1408
1396
1385
1364
1356
1356
1336
1325
1328
1302
1302
1283
1271
1274
1246
1234
1232
1209
1204
1193
1172
1172
1154
1146
1146
1136
1130
1115
1103
1104
1097
1087
1090
1060
1062
1053
1040
1042
