631
607
607
596
594
588
579
585
570
574
570
558
554
549
550
546
535
538
531
519
526
521
516
525
507
511
521
506
520
509
508
511
507
512
511
506
506
507
507
515
507
510
512
500
522
514
515
510
513
510
516
508
515
512
507
518
509
509
517
512
519
517
514
524
518
525
531
516
532
527
530
535
533
532
535
529
539
539
535
543
534
534
533
525
541
540
543
552
544
546
554
547
557
547
555
557
549
562
563
562
570
567
571
582
582
582
599
594
618
621
631
649
665
684
703
722
758
774
807
839
872
898
948
975
1016
1056
1102
1145
1186
1231
1291
1328
1391
1422
1474
1535
1555
1622
1656
1700
1720
1758
1802
1839
1851
1884
1915
1910
1917
1906
1917
1933
1925
1920
1942
1944
2015
2055
2102
2172
2237
2306
2378
2402
2459
2486
2532
2568
2587
2597
2622
2635
2642
2634
2614
2622
2634
2613
2626
2610
2622
2616
2613
2614
2583
2602
2576
2558
2555
2540
2544
2532
2500
2500
2496
2465
2459
2446
2458
2439
2436
2416
2410
2399
2387
2350
2358
2318
2324
2295
2291
2272
2282
2256
2231
2250
2215
2202
2198
2178
2171
2170
2139
2126
2112
2098
2063
2043
2039
2010
1994
1996
1971
1956
1943
1910
1894
1888
1871
1854
1814
1792
1795
1771
1767
1736
1712
1714
1694
1664
1665
1630
1610
1596
1580
1584
1562
1542
1526
1512
1502
1498
1463
1463
1441
1429
1422
1399
1383
1383
1366
1361
1344
1326
1323
1308
1302
1284
1271
1268
1256
1254
1239
1211
1211
1202
1195
1186
