628
608
604
595
600
586
580
580
569
570
567
554
553
543
540
547
529
535
531
517
530
516
517
517
510
513
516
503
517
508
511
512
513
511
507
506
502
502
501
514
504
514
511
509
518
512
516
511
506
509
518
507
517
505
512
515
509
516
514
512
518
520
517
520
516
526
528
525
535
533
525
542
533
541
538
538
547
541
537
539
542
540
545
532
540
550
543
554
551
551
554
548
559
556
557
567
556
560
568
566
573
565
567
578
568
571
578
578
595
592
592
599
609
607
622
620
637
639
667
677
686
711
727
732
771
791
810
848
879
902
955
983
1030
1055
1078
1144
1162
1201
1237
1278
1304
1331
1372
1411
1438
1463
1478
1494
1499
1492
1486
1486
1502
1483
1527
1542
1584
1630
1695
1772
1844
1927
2018
2092
2158
2222
2247
2331
2335
2380
2402
2435
2434
2448
2455
2483
2474
2466
2500
2483
2510
2495
2490
2526
2471
2480
2486
2468
2452
2448
2444
2447
2430
2416
2430
2407
2406
2398
2395
2380
2375
2358
2362
2358
2348
2320
2324
2295
2288
2286
2254
2232
2256
2227
2224
2230
2191
2172
2171
2147
2157
2131
2119
2110
2070
2060
2055
2032
2026
1999
1978
1963
1958
1930
1930
1902
1890
1882
1845
1835
1803
1772
1782
1747
1742
1710
1697
1682
1678
1638
1627
1623
1607
1584
1559
1571
1538
1514
1508
1491
1502
1466
1455
1466
1436
1410
1402
1383
1386
1380
1348
1345
1330
1308
1306
1296
1284
1262
1251
1266
1234
1236
1237
1210
1191
1180
1171
1173
