595
574
570
563
565
557
547
553
537
538
536
536
535
519
521
526
512
514
510
506
510
503
499
503
487
497
498
491
497
489
492
494
497
494
495
487
493
490
490
502
487
496
498
491
499
497
499
504
497
496
500
489
503
494
499
498
495
497
498
501
509
504
499
506
503
511
515
509
515
515
516
525
524
522
530
519
534
528
527
530
528
527
527
522
533
532
527
542
528
542
546
536
544
539
546
546
548
546
561
549
558
551
560
564
561
567
578
578
598
596
604
620
636
641
671
675
709
725
747
775
799
821
848
876
910
943
965
995
1034
1047
1091
1106
1134
1160
1173
1207
1193
1211
1219
1223
1212
1204
1210
1200
1179
1170
1161
1136
1114
1080
1049
1040
1024
1008
1004
1006
1034
1060
1123
1193
1266
1357
1479
1566
1654
1730
1794
1891
1919
1971
2014
2034
2064
2058
2075
2086
2104
2111
2128
2115
2130
2117
2103
2138
2106
2110
2094
2087
2070
2051
2055
2082
2047
2039
2046
2020
2003
1998
2011
2018
1978
1971
1971
1966
1948
1914
1921
1905
1894
1886
1887
1845
1858
1850
1831
1827
1822
1803
1789
1779
1774
1771
1753
1738
1724
1697
1695
1678
1674
1661
1639
1648
1623
1608
1610
1582
1569
1548
1547
1540
1502
1498
1494
1467
1464
1436
1422
1420
1387
1379
1371
1363
1351
1354
1330
1316
1305
1288
1286
1255
1251
1248
1230
1230
1216
1209
1189
1166
1172
1160
1145
1142
1132
1128
1118
1102
1091
1078
1072
1082
1056
1061
1048
1030
1031
1029
1014
1005
