639
603
609
594
610
593
584
593
568
575
571
567
556
547
550
551
540
540
534
525
533
528
522
528
521
519
528
514
523
515
519
525
517
514
519
509
519
512
513
521
519
522
524
515
524
520
518
527
519
523
523
518
527
524
525
531
526
535
534
542
543
544
540
553
554
556
566
561
577
567
575
590
597
602
617
613
637
631
639
651
650
659
659
663
684
689
695
722
711
736
747
746
755
763
775
790
788
804
824
823
850
864
871
891
918
927
965
972
1014
1030
1059
1082
1125
1139
1186
1200
1247
1282
1310
1360
1382
1412
1449
1467
1485
1514
1550
1574
1604
1618
1639
1664
1696
1704
1712
1742
1710
1712
1727
1724
1723
1690
1712
1709
1687
1661
1662
1630
1599
1577
1547
1539
1511
1511
1524
1535
1568
1604
1660
1731
1795
1870
1967
2026
2074
2134
2178
2204
2231
2239
2258
2266
2270
2252
2254
2270
2250
2239
2262
2252
2244
2223
2231
2242
2206
2206
2199
2182
2144
2140
2138
2126
2114
2091
2110
2067
2079
2044
2070
2062
2026
2030
2027
1998
2002
1970
1968
1954
1943
1924
1927
1909
1894
1892
1866
1874
1868
1852
1850
1818
1821
1826
1788
1787
1764
1744
1733
1715
1713
1688
1681
1675
1667
1643
1638
1602
1613
1594
1563
1570
1538
1519
1519
1506
1486
1471
1444
1438
1430
1402
1396
1397
1380
1367
1351
1343
1335
1306
1294
1280
1283
1276
1260
1262
1232
1226
1229
1200
1187
1194
1168
1170
1144
1147
1130
1128
1126
1100
1096
1101
1087
1076
1069
1050
1055
1030
1026
1027
