596
572
571
563
568
561
552
559
541
543
545
533
532
524
523
524
512
512
512
503
516
505
506
503
496
500
504
491
502
495
499
497
496
494
496
491
489
496
493
505
496
505
499
490
503
497
495
502
499
498
502
495
506
499
502
504
499
502
508
502
510
502
506
519
514
524
527
512
524
525
522
535
527
526
540
525
543
535
537
542
541
535
543
535
545
543
547
560
551
559
561
561
569
570
566
578
570
580
588
583
600
611
614
624
636
647
668
678
707
710
742
766
782
800
837
855
900
919
954
993
1021
1058
1080
1110
1159
1168
1210
1236
1274
1300
1336
1366
1390
1412
1435
1478
1460
1456
1481
1494
1474
1483
1484
1492
1471
1483
1469
1456
1438
1414
1383
1367
1372
1355
1366
1396
1439
1484
1547
1622
1706
1803
1907
1978
2041
2096
2151
2203
2230
2239
2268
2275
2302
2308
2290
2308
2282
2296
2297
2284
2298
2296
2279
2281
2259
2253
2250
2215
2226
2190
2183
2180
2178
2162
2146
2139
2118
2115
2115
2111
2099
2094
2084
2064
2066
2030
2007
2001
2006
1984
1966
1966
1955
1931
1918
1944
1893
1894
1896
1872
1870
1854
1846
1832
1804
1795
1786
1755
1746
1730
1732
1725
1704
1688
1695
1662
1637
1618
1617
1611
1569
1554
1548
1532
1510
1498
1490
1476
1462
1437
1426
1416
1395
1388
1384
1371
1346
1340
1328
1297
1327
1298
1274
1285
1258
1243
1232
1208
1212
1216
1190
1182
1179
1164
1157
1143
1132
1116
1102
1112
1099
1092
1074
1055
1064
1061
1045
1036
