640
618
615
610
620
600
598
599
581
583
587
576
566
560
555
557
546
543
537
539
535
530
529
531
522
524
528
515
523
520
521
524
519
519
527
522
520
528
523
533
526
535
534
527
543
535
536
538
539
535
547
540
543
546
545
555
549
556
564
569
577
580
580
588
591
595
605
598
623
630
633
658
664
686
706
704
734
739
750
768
774
781
795
803
835
843
862
890
902
930
940
952
967
982
1002
1018
1033
1048
1070
1075
1127
1146
1168
1219
1241
1264
1302
1330
1378
1408
1460
1475
1530
1570
1616
1652
1703
1731
1767
1830
1859
1890
1922
1943
1972
2008
2030
2043
2091
2110
2146
2155
2199
2190
2202
2254
2208
2230
2243
2239
2238
2234
2235
2230
2218
2202
2182
2166
2136
2093
2081
2062
2052
2019
2039
2044
2070
2132
2172
2232
2290
2354
2410
2474
2499
2531
2551
2603
2594
2619
2606
2622
2605
2603
2590
2592
2586
2574
2572
2546
2566
2557
2541
2530
2507
2495
2480
2462
2430
2431
2418
2403
2390
2396
2380
2356
2338
2315
2339
2330
2314
2292
2286
2270
2269
2230
2230
2188
2187
2166
2147
2160
2138
2110
2096
2131
2087
2088
2076
2044
2051
2030
2026
2007
1974
1965
1951
1929
1907
1898
1878
1883
1850
1854
1846
1807
1798
1782
1755
1751
1723
1697
1698
1670
1655
1643
1618
1605
1582
1552
1550
1530
1530
1503
1495
1498
1483
1446
1444
1424
1431
1408
1376
1398
1371
1355
1354
1326
1327
1319
1292
1292
1282
1274
1254
1241
1227
1225
1198
1203
1188
1179
1176
1155
1154
1133
1122
1122
