588
567
565
548
554
545
547
548
532
535
531
527
526
517
511
518
503
508
508
499
509
499
496
500
487
498
497
491
494
491
486
499
494
494
496
489
490
487
492
502
492
498
494
490
503
499
498
501
499
493
500
497
503
495
500
503
496
505
503
503
509
504
505
514
510
516
523
512
525
520
520
531
530
534
533
534
542
543
539
553
546
543
555
543
560
558
556
573
561
574
578
583
582
591
589
602
601
605
625
618
646
639
664
674
688
698
726
739
762
777
807
816
851
870
915
932
965
988
1030
1068
1086
1120
1148
1169
1217
1246
1274
1290
1338
1354
1388
1404
1439
1448
1466
1507
1481
1503
1507
1527
1516
1510
1522
1517
1504
1496
1492
1471
1446
1412
1398
1384
1367
1342
1356
1362
1391
1419
1470
1530
1588
1670
1749
1796
1852
1904
1922
1964
1978
1998
2010
2027
2036
2028
2039
2031
2018
2018
2018
2015
2000
2018
1995
2014
1978
1968
1968
1951
1936
1926
1920
1920
1899
1886
1884
1866
1848
1837
1847
1842
1820
1823
1811
1808
1795
1777
1769
1748
1758
1747
1720
1710
1720
1695
1678
1695
1690
1670
1662
1645
1638
1628
1604
1603
1576
1575
1570
1546
1544
1540
1511
1528
1498
1486
1482
1446
1466
1434
1438
1422
1402
1387
1386
1355
1346
1340
1319
1320
1306
1276
1292
1269
1258
1248
1242
1223
1214
1191
1194
1168
1183
1152
1138
1146
1131
1128
1122
1092
1086
1091
1074
1074
1059
1046
1051
1027
1027
1009
1013
1017
994
995
991
971
967
957
946
950
