591
568
568
553
566
551
549
548
541
531
535
527
525
519
518
521
515
514
507
497
510
504
503
505
497
494
503
491
499
494
496
502
491
497
492
491
490
496
491
503
494
500
502
498
515
499
501
502
500
502
504
501
510
505
502
512
506
510
513
512
525
516
521
527
531
532
538
532
542
550
547
563
565
578
585
584
606
606
612
629
627
640
651
642
665
667
668
706
700
724
730
730
754
756
769
786
783
795
814
820
848
869
876
919
929
951
1000
1010
1054
1063
1099
1123
1167
1187
1226
1250
1282
1324
1343
1391
1431
1450
1470
1491
1522
1539
1562
1592
1619
1618
1682
1680
1706
1706
1707
1746
1710
1731
1732
1727
1727
1702
1703
1707
1682
1680
1671
1640
1630
1589
1566
1566
1563
1554
1552
1572
1606
1643
1687
1752
1805
1866
1950
1996
2034
2062
2091
2134
2158
2156
2163
2176
2186
2182
2148
2171
2143
2154
2158
2140
2146
2129
2128
2144
2103
2091
2090
2074
2047
2026
2025
2043
1990
1994
2000
1995
1968
1970
1950
1958
1930
1934
1932
1890
1906
1868
1862
1854
1855
1838
1814
1799
1799
1802
1773
1782
1774
1763
1754
1726
1738
1717
1696
1700
1674
1679
1666
1635
1633
1616
1598
1604
1582
1572
1566
1544
1526
1512
1500
1507
1483
1446
1458
1423
1407
1402
1377
1372
1349
1330
1328
1323
1311
1284
1284
1279
1254
1258
1259
1228
1234
1211
1211
1200
1192
1166
1171
1143
1143
1135
1118
1115
1100
1098
1086
1067
1077
1063
1042
1055
1031
1032
1031
1015
1008
990
986
983
