596
572
571
560
574
556
555
551
547
545
540
530
531
525
515
529
512
516
506
508
515
504
499
502
498
498
504
489
498
495
497
499
498
498
499
488
490
495
493
508
488
494
498
490
503
493
500
498
496
497
500
491
502
497
492
500
496
502
506
505
508
498
504
511
505
510
521
506
522
512
510
527
516
522
528
520
523
524
521
524
524
520
526
519
530
531
525
534
532
535
534
534
536
547
544
544
538
540
545
536
562
549
552
563
555
567
576
579
598
594
605
618
634
642
670
682
712
726
752
779
801
825
858
865
900
918
946
986
1007
1026
1062
1077
1107
1118
1132
1154
1146
1142
1163
1145
1152
1123
1121
1129
1103
1087
1079
1054
1031
1005
985
964
966
935
951
966
1002
1032
1086
1172
1247
1335
1450
1532
1615
1687
1774
1840
1882
1926
1976
1995
2019
2010
2039
2059
2043
2052
2082
2077
2074
2071
2078
2087
2060
2064
2062
2042
2046
2026
2011
2024
1993
2000
1993
1967
1974
1961
1966
1948
1946
1919
1926
1919
1920
1882
1879
1851
1850
1838
1823
1814
1811
1807
1786
1798
1781
1772
1750
1747
1741
1729
1712
1699
1686
1670
1654
1642
1638
1623
1594
1592
1598
1565
1566
1548
1547
1527
1504
1499
1469
1454
1452
1434
1414
1404
1391
1382
1371
1337
1338
1334
1318
1284
1286
1278
1275
1249
1254
1236
1234
1227
1199
1207
1187
1171
1170
1154
1151
1143
1122
1120
1106
1095
1095
1078
1070
1063
1046
1055
1039
1032
1026
1008
1014
999
989
979
