578
562
555
548
555
541
546
544
534
534
532
525
524
518
516
518
505
514
501
502
506
499
496
500
491
497
504
484
496
490
493
499
490
495
486
487
491
492
491
501
493
493
500
490
499
491
494
494
492
495
500
494
499
497
497
503
493
498
505
500
506
505
506
510
509
510
515
510
519
517
516
530
517
525
532
518
532
533
528
535
536
536
540
531
540
549
550
555
548
553
554
559
568
561
571
574
579
579
599
595
615
611
620
649
652
669
690
702
732
743
771
780
814
835
870
883
920
948
1002
1024
1047
1085
1108
1131
1170
1186
1220
1253
1283
1304
1330
1360
1393
1403
1427
1463
1450
1453
1476
1482
1471
1486
1481
1495
1487
1469
1472
1444
1431
1411
1387
1389
1364
1358
1375
1388
1421
1462
1528
1591
1634
1712
1785
1847
1892
1930
1975
2013
2031
2047
2069
2051
2082
2066
2074
2075
2066
2061
2074
2064
2066
2060
2047
2062
2013
2042
2000
1990
1982
1971
1963
1959
1949
1924
1953
1930
1894
1890
1898
1910
1880
1872
1879
1855
1860
1828
1819
1800
1798
1775
1766
1760
1755
1747
1734
1740
1728
1710
1703
1688
1674
1657
1671
1654
1616
1623
1623
1598
1591
1560
1558
1563
1534
1521
1517
1499
1495
1482
1462
1449
1428
1408
1406
1387
1375
1365
1341
1340
1322
1300
1292
1286
1270
1273
1252
1255
1231
1223
1215
1202
1196
1182
1175
1172
1146
1131
1136
1114
1116
1108
1089
1088
1078
1082
1063
1059
1053
1042
1028
1018
1014
997
1011
988
988
978
965
958
