593
563
562
548
555
554
550
556
532
538
537
532
530
521
520
520
512
510
506
501
507
500
494
498
490
496
499
494
495
493
489
495
490
491
491
485
498
486
489
496
492
494
500
490
497
494
493
499
490
491
496
490
499
491
493
498
489
496
500
495
500
495
500
506
502
510
511
505
517
510
503
516
513
515
525
507
529
518
518
517
522
519
525
514
522
527
521
533
525
531
532
530
542
530
536
536
537
539
547
542
549
548
547
560
551
560
576
576
594
583
611
618
634
644
659
676
701
710
732
769
775
808
844
866
896
925
955
988
1024
1047
1092
1111
1156
1178
1206
1242
1258
1282
1303
1323
1337
1342
1355
1374
1370
1380
1385
1379
1362
1350
1334
1319
1304
1310
1315
1339
1364
1407
1454
1540
1592
1662
1747
1802
1842
1899
1934
1970
2006
2000
2032
2043
2054
2043
2042
2063
2050
2059
2075
2060
2050
2055
2037
2061
2036
2026
2032
1999
2002
1958
1996
1983
1964
1940
1964
1936
1934
1915
1932
1933
1908
1902
1902
1882
1888
1858
1850
1832
1825
1828
1809
1790
1802
1767
1763
1757
1752
1723
1723
1703
1709
1691
1686
1686
1665
1645
1650
1615
1618
1607
1577
1595
1577
1546
1545
1530
1520
1502
1488
1497
1456
1441
1444
1423
1404
1395
1381
1379
1358
1335
1329
1317
1294
1279
1287
1290
1263
1250
1239
1214
1214
1214
1191
1200
1171
1172
1164
1147
1131
1137
1114
1124
1112
1090
1082
1077
1075
1053
1042
1055
1030
1038
1030
1008
999
994
988
987
