585
559
562
542
553
539
542
537
530
530
533
525
523
517
516
522
507
512
503
499
504
496
499
499
488
497
499
488
493
492
494
499
493
491
491
484
495
489
484
496
486
487
494
487
497
495
494
498
491
492
499
494
495
496
494
502
495
496
497
498
508
494
499
508
502
510
514
505
511
514
506
518
514
516
519
512
522
523
521
524
523
521
530
514
535
535
525
535
535
538
534
541
544
543
547
552
549
556
562
554
571
568
578
586
582
593
618
623
642
644
669
673
695
711
722
750
778
794
822
852
865
895
934
940
978
1004
1018
1045
1082
1094
1139
1156
1188
1207
1215
1249
1250
1264
1284
1276
1274
1283
1288
1291
1279
1281
1286
1263
1269
1231
1213
1210
1207
1182
1202
1213
1254
1292
1350
1415
1482
1564
1639
1699
1762
1813
1855
1903
1926
1940
1957
1976
1993
1982
1980
2012
1987
2004
2026
1981
1991
1995
1983
2013
1963
1972
1967
1930
1911
1910
1914
1911
1906
1880
1887
1874
1866
1850
1846
1842
1826
1834
1830
1803
1805
1779
1758
1746
1755
1728
1732
1712
1723
1707
1692
1703
1676
1675
1671
1640
1650
1639
1608
1626
1581
1587
1578
1555
1562
1533
1527
1531
1510
1506
1481
1475
1474
1441
1451
1428
1402
1372
1389
1359
1353
1345
1323
1323
1296
1287
1281
1266
1248
1246
1242
1236
1222
1206
1191
1175
1179
1158
1140
1147
1126
1128
1121
1102
1084
1095
1077
1072
1063
1042
1047
1031
1036
1013
1007
1011
1001
995
983
971
974
960
958
952
