638
609
611
599
604
590
589
584
579
567
567
565
554
554
542
549
537
540
534
526
536
524
518
530
511
516
530
512
519
513
511
522
515
513
516
515
515
516
520
526
523
520
524
518
527
527
529
530
525
534
539
538
538
538
531
539
543
543
549
552
566
561
565
569
571
578
583
576
596
599
599
623
630
640
658
653
690
686
689
695
704
712
718
722
740
756
755
785
791
805
824
830
852
861
876
890
908
918
948
955
998
1012
1024
1068
1086
1136
1168
1200
1259
1282
1340
1378
1420
1450
1517
1539
1611
1651
1698
1747
1795
1851
1883
1934
1971
2028
2069
2085
2148
2178
2219
2229
2278
2298
2307
2352
2334
2358
2386
2390
2387
2383
2394
2417
2370
2366
2362
2351
2316
2276
2238
2218
2217
2170
2186
2182
2244
2276
2331
2407
2448
2516
2574
2630
2679
2702
2742
2775
2783
2779
2791
2774
2811
2786
2755
2773
2750
2739
2756
2738
2719
2712
2711
2714
2682
2682
2664
2641
2600
2579
2566
2574
2554
2548
2545
2516
2484
2487
2496
2486
2466
2459
2442
2417
2420
2375
2386
2326
2352
2346
2335
2288
2302
2283
2252
2275
2250
2231
2207
2195
2194
2176
2154
2128
2102
2103
2077
2062
2043
2027
2015
1998
1988
1970
1957
1939
1909
1879
1852
1863
1823
1811
1814
1772
1761
1738
1698
1686
1690
1649
1660
1644
1618
1601
1591
1593
1565
1548
1518
1497
1503
1495
1476
1458
1462
1423
1434
1398
1394
1383
1374
1380
1334
1351
1333
1312
1302
1274
1259
1258
1255
1250
1234
1223
1211
1195
1190
1188
