629
602
609
587
599
592
582
578
572
564
568
559
563
544
551
544
535
535
533
528
531
519
520
521
511
515
516
512
518
508
511
518
511
510
517
504
515
512
512
523
518
517
523
514
528
521
527
522
518
518
527
515
530
519
526
529
523
533
531
539
537
539
534
548
543
550
552
552
563
562
564
578
573
579
589
572
593
588
591
590
588
596
595
583
602
603
604
615
616
628
631
631
644
652
659
670
675
681
699
707
731
746
754
792
796
826
868
893
945
957
1015
1060
1102
1131
1218
1248
1294
1362
1402
1458
1526
1572
1631
1671
1731
1768
1830
1873
1915
1982
2010
2048
2099
2122
2143
2191
2193
2214
2239
2252
2266
2255
2270
2294
2268
2266
2266
2230
2202
2168
2134
2134
2111
2076
2064
2078
2114
2150
2207
2278
2317
2382
2458
2519
2562
2614
2615
2642
2674
2674
2691
2690
2686
2687
2670
2677
2659
2635
2650
2618
2635
2606
2590
2598
2568
2558
2564
2526
2513
2488
2499
2470
2454
2439
2451
2444
2394
2387
2405
2398
2374
2356
2370
2336
2342
2286
2288
2279
2258
2244
2235
2206
2226
2191
2172
2184
2174
2161
2146
2111
2114
2090
2083
2068
2026
2022
2018
1990
1990
1959
1938
1943
1932
1907
1898
1874
1848
1847
1810
1796
1773
1752
1737
1715
1717
1683
1658
1659
1640
1607
1616
1580
1578
1551
1535
1544
1527
1502
1485
1461
1461
1456
1424
1430
1412
1392
1394
1355
1363
1359
1333
1315
1309
1303
1287
1274
1266
1251
1236
1239
1222
1214
1198
1187
1186
1162
1162
1146
