639
615
607
604
606
600
591
595
574
576
569
562
565
549
554
550
542
542
538
526
537
524
526
526
518
522
525
513
521
522
513
522
516
519
522
518
521
512
527
528
521
531
536
526
535
536
535
542
534
538
546
532
541
538
544
549
549
553
561
567
576
571
581
584
591
595
606
601
620
625
635
657
662
683
698
705
724
727
757
758
773
779
803
805
832
849
853
887
898
927
942
942
974
986
989
1012
1027
1042
1066
1076
1119
1135
1158
1186
1215
1253
1279
1326
1355
1375
1424
1438
1488
1523
1579
1610
1637
1680
1735
1784
1808
1842
1866
1882
1922
1938
1964
1993
2015
2050
2071
2086
2114
2147
2128
2167
2140
2150
2163
2170
2158
2151
2143
2147
2103
2087
2086
2056
2035
2003
1973
1964
1936
1916
1936
1946
1986
2026
2087
2154
2222
2271
2352
2409
2443
2495
2506
2570
2551
2561
2570
2567
2582
2571
2570
2578
2552
2544
2546
2531
2527
2515
2510
2522
2479
2482
2466
2443
2435
2389
2406
2402
2377
2366
2362
2330
2323
2314
2322
2314
2300
2279
2271
2252
2235
2206
2195
2177
2180
2155
2142
2127
2134
2116
2093
2098
2084
2074
2064
2031
2027
2014
2020
1986
1962
1955
1951
1903
1911
1879
1863
1853
1846
1827
1820
1794
1782
1753
1740
1732
1714
1695
1670
1647
1646
1630
1594
1591
1555
1547
1545
1532
1519
1504
1502
1495
1463
1455
1454
1426
1423
1389
1380
1376
1371
1354
1345
1321
1310
1304
1282
1283
1277
1273
1250
1231
1232
1201
1200
1203
1183
1174
1179
1150
1140
1136
1128
1117
