582
562
560
548
559
546
546
543
534
529
532
527
526
522
516
523
510
512
500
500
504
499
493
501
491
495
498
492
494
493
491
494
492
485
495
486
491
490
491
500
489
495
493
492
501
496
497
499
494
495
501
491
502
495
493
503
499
497
508
498
506
502
502
510
509
516
522
509
517
519
511
525
523
523
529
523
530
528
526
537
537
534
538
525
542
540
543
547
547
552
558
553
566
564
565
575
568
576
588
585
607
610
614
639
646
655
682
688
718
726
754
782
804
820
855
881
909
942
976
1011
1032
1072
1098
1123
1161
1194
1218
1242
1286
1302
1336
1349
1391
1419
1429
1470
1466
1471
1483
1497
1500
1503
1508
1521
1503
1505
1494
1479
1479
1446
1436
1424
1418
1398
1427
1423
1463
1510
1563
1614
1667
1726
1791
1827
1886
1921
1946
1995
1994
2027
2032
2045
2060
2046
2043
2051
2047
2033
2058
2027
2022
2019
2019
2022
1996
2018
1986
1967
1984
1945
1941
1940
1922
1906
1909
1874
1892
1871
1875
1862
1852
1855
1850
1819
1834
1790
1779
1770
1786
1755
1758
1734
1740
1723
1703
1712
1695
1683
1666
1666
1650
1654
1630
1626
1611
1603
1587
1567
1567
1541
1532
1540
1514
1507
1494
1484
1467
1458
1454
1440
1415
1398
1395
1362
1377
1363
1334
1332
1308
1291
1294
1273
1265
1251
1239
1228
1218
1204
1203
1184
1196
1164
1155
1148
1140
1131
1130
1100
1107
1104
1076
1079
1072
1057
1060
1038
1037
1026
1018
1011
1002
1007
992
979
973
962
957
959
