585
568
563
551
562
551
547
547
532
533
536
528
528
523
516
522
514
509
509
499
512
500
498
503
491
498
499
492
498
496
492
495
493
491
498
492
493
491
495
507
491
497
495
491
500
501
495
499
491
494
504
486
502
495
498
503
492
502
501
505
510
506
503
511
507
511
522
510
522
516
516
522
518
524
524
522
529
526
526
529
530
529
532
520
536
533
527
545
532
541
545
540
553
554
558
557
561
566
572
573
584
586
587
614
612
634
646
654
690
691
720
734
767
781
829
838
876
907
943
983
1003
1044
1076
1107
1147
1175
1212
1246
1283
1314
1363
1392
1427
1434
1452
1516
1494
1530
1550
1566
1595
1565
1586
1600
1590
1595
1608
1584
1568
1543
1532
1528
1522
1509
1517
1534
1579
1616
1674
1717
1780
1841
1911
1958
2007
2043
2066
2134
2128
2145
2158
2171
2169
2176
2157
2172
2156
2143
2162
2146
2158
2130
2132
2138
2087
2122
2103
2087
2074
2044
2048
2047
2046
2010
2023
2010
2002
1980
1968
1980
1963
1960
1945
1937
1927
1898
1908
1878
1890
1862
1855
1818
1842
1834
1810
1826
1794
1772
1795
1764
1758
1743
1735
1722
1698
1678
1682
1650
1650
1622
1618
1622
1611
1588
1570
1559
1550
1532
1523
1526
1491
1453
1473
1438
1438
1414
1391
1382
1372
1348
1353
1338
1322
1321
1302
1299
1289
1267
1254
1254
1251
1231
1215
1219
1196
1182
1188
1154
1160
1144
1146
1143
1117
1111
1095
1084
1086
1081
1066
1065
1048
1034
1038
1030
1024
1015
999
998
