634
618
619
602
615
599
596
592
582
584
572
572
565
552
552
555
544
540
535
526
537
522
527
527
520
522
526
512
519
514
513
527
522
522
513
512
514
521
518
531
520
516
532
522
536
527
534
534
530
530
543
528
536
533
535
535
535
544
544
546
555
555
552
563
562
570
576
575
589
587
592
607
615
621
635
639
662
658
662
667
679
676
683
683
709
722
712
738
735
765
770
770
790
796
815
831
837
847
873
870
903
926
935
971
993
1017
1062
1099
1147
1168
1230
1258
1303
1335
1402
1449
1498
1550
1594
1664
1716
1753
1794
1852
1904
1938
1986
2031
2086
2097
2163
2171
2234
2239
2254
2292
2291
2292
2310
2328
2319
2293
2292
2302
2279
2272
2266
2226
2191
2134
2103
2077
2062
2015
2011
2033
2082
2139
2202
2284
2359
2470
2570
2638
2702
2746
2790
2851
2860
2879
2892
2886
2910
2898
2902
2918
2894
2858
2859
2850
2858
2831
2815
2839
2806
2786
2771
2736
2746
2720
2711
2714
2679
2663
2650
2623
2614
2614
2594
2618
2590
2563
2558
2534
2534
2511
2492
2471
2467
2451
2422
2418
2415
2396
2370
2374
2362
2335
2307
2299
2314
2281
2252
2242
2214
2198
2195
2148
2170
2118
2126
2104
2083
2074
2050
2038
2003
1980
1974
1960
1927
1902
1892
1845
1850
1819
1807
1794
1770
1726
1726
1706
1700
1674
1664
1645
1634
1606
1605
1590
1586
1557
1533
1538
1507
1483
1482
1455
1453
1447
1430
1423
1399
1387
1380
1371
1351
1330
1312
1316
1300
1302
1287
1264
1251
1248
1226
1228
