600
573
576
559
572
558
555
557
543
545
543
536
536
523
522
530
518
514
508
509
515
504
496
506
498
502
506
496
501
498
495
500
496
498
498
490
491
495
494
504
490
498
500
494
504
500
500
503
497
499
500
496
508
501
498
506
499
506
510
503
511
508
514
517
511
514
530
513
532
522
523
528
526
526
534
528
539
530
535
534
536
532
541
526
539
543
537
551
541
549
551
551
557
559
557
565
562
567
572
568
583
583
587
607
605
616
631
641
665
666
679
695
719
731
759
781
810
833
859
887
917
934
969
995
1021
1047
1076
1099
1138
1159
1201
1216
1257
1274
1290
1319
1299
1326
1326
1337
1338
1315
1321
1327
1304
1300
1304
1276
1266
1238
1219
1211
1192
1193
1203
1219
1260
1323
1390
1492
1567
1674
1791
1876
1955
2027
2111
2156
2202
2228
2259
2288
2314
2303
2307
2315
2332
2327
2339
2320
2334
2327
2331
2343
2303
2307
2301
2286
2267
2253
2242
2246
2224
2223
2230
2194
2194
2174
2176
2173
2150
2140
2150
2126
2123
2096
2084
2054
2066
2043
2031
2012
2000
1999
1977
1999
1984
1964
1951
1927
1930
1899
1895
1877
1850
1826
1827
1796
1799
1776
1766
1760
1731
1730
1711
1696
1686
1678
1648
1646
1613
1599
1590
1567
1558
1538
1514
1508
1484
1465
1447
1447
1418
1422
1410
1399
1392
1362
1363
1357
1353
1322
1303
1306
1288
1266
1270
1229
1235
1230
1213
1218
1192
1174
1174
1167
1157
1150
1131
1132
1105
1119
1103
1090
1083
1065
1062
1059
