632
606
607
596
598
592
585
583
571
569
569
562
552
550
549
549
536
534
531
522
531
517
515
521
508
522
522
512
513
509
514
515
512
506
513
500
508
507
509
513
504
514
513
504
515
508
512
510
510
507
516
508
515
509
507
518
509
512
519
513
519
510
515
519
518
524
530
521
532
534
526
535
531
530
539
526
542
534
530
540
538
541
541
533
540
543
539
549
544
553
547
544
555
543
557
555
547
555
563
555
562
563
560
568
565
566
578
574
591
587
600
598
613
620
632
638
662
670
690
714
729
754
790
808
847
866
906
951
988
1027
1071
1107
1155
1202
1238
1302
1318
1361
1403
1445
1488
1511
1551
1573
1588
1605
1642
1646
1660
1642
1639
1646
1642
1630
1659
1690
1710
1773
1830
1912
1986
2066
2166
2239
2303
2358
2416
2436
2463
2516
2535
2553
2582
2577
2576
2587
2573
2568
2595
2580
2598
2573
2579
2595
2566
2578
2572
2556
2534
2537
2502
2527
2504
2489
2518
2482
2460
2451
2455
2446
2430
2422
2438
2406
2411
2367
2343
2338
2326
2316
2306
2285
2303
2280
2254
2266
2251
2215
2222
2203
2188
2176
2142
2156
2114
2102
2099
2057
2052
2039
2022
2010
1998
1975
1970
1927
1922
1887
1886
1890
1840
1818
1808
1775
1770
1743
1712
1718
1683
1669
1668
1651
1633
1602
1611
1586
1569
1552
1543
1517
1515
1489
1461
1483
1458
1451
1428
1403
1395
1399
1360
1370
1362
1332
1336
1319
1298
1285
1270
1274
1254
1247
1246
1214
1218
1203
1196
1186
