582
563
559
550
558
543
540
543
532
530
532
522
523
516
514
520
504
509
501
497
506
497
497
503
494
496
495
488
500
495
487
496
489
489
493
485
488
486
489
498
490
490
496
487
498
495
487
497
489
493
495
485
496
492
494
500
493
493
501
499
507
496
495
507
501
511
514
505
520
511
508
519
515
518
522
514
527
523
524
528
516
524
530
518
529
531
533
543
540
538
543
539
543
541
544
550
544
554
559
554
567
568
576
585
584
586
610
608
638
637
649
668
680
695
720
737
760
782
807
842
870
881
916
931
965
982
1018
1039
1072
1092
1112
1136
1175
1168
1195
1224
1214
1230
1238
1242
1242
1242
1234
1244
1219
1219
1212
1195
1172
1152
1135
1110
1111
1101
1093
1114
1133
1183
1226
1298
1364
1462
1552
1630
1684
1756
1807
1864
1899
1910
1951
1954
1970
1962
1964
1985
1986
1987
2006
1981
1994
1976
1978
1982
1955
1957
1963
1934
1931
1907
1916
1909
1895
1890
1879
1874
1868
1838
1846
1851
1835
1822
1822
1803
1802
1792
1782
1764
1748
1743
1724
1735
1719
1715
1695
1699
1682
1660
1666
1658
1651
1623
1615
1619
1589
1579
1584
1554
1563
1532
1526
1531
1520
1491
1478
1474
1475
1447
1426
1428
1413
1391
1386
1366
1359
1352
1320
1326
1298
1287
1282
1279
1258
1247
1238
1238
1220
1204
1196
1187
1183
1167
1154
1144
1141
1126
1120
1104
1114
1094
1079
1075
1064
1056
1049
1030
1029
1014
999
1004
999
998
986
971
970
965
959
958
