606
581
580
565
573
564
558
562
545
543
543
535
536
529
527
530
519
515
515
503
512
503
502
506
499
502
507
499
501
497
494
503
498
496
499
488
495
496
496
500
495
498
500
496
503
502
499
499
499
496
504
497
501
497
501
503
498
499
506
498
509
506
507
517
509
515
517
510
521
526
521
528
529
523
534
522
535
527
531
533
526
532
532
524
538
538
534
545
533
538
550
539
547
540
546
548
551
550
558
550
563
564
563
583
574
579
592
603
618
622
642
646
676
683
700
723
758
782
796
842
860
899
932
960
991
1015
1045
1093
1114
1134
1166
1192
1227
1239
1254
1279
1262
1273
1269
1267
1271
1250
1247
1251
1205
1206
1201
1157
1132
1090
1068
1055
1034
1013
1014
1038
1066
1104
1152
1247
1332
1439
1567
1678
1783
1864
1952
2028
2090
2129
2195
2214
2231
2249
2249
2294
2284
2276
2315
2305
2318
2316
2316
2326
2306
2313
2295
2272
2259
2246
2246
2250
2235
2235
2211
2190
2184
2193
2178
2182
2160
2144
2153
2123
2128
2077
2083
2058
2055
2039
2034
2007
2014
2000
1982
1978
1972
1956
1948
1926
1930
1893
1898
1882
1862
1847
1843
1798
1793
1788
1764
1771
1757
1745
1735
1684
1679
1681
1650
1646
1621
1598
1596
1568
1556
1550
1528
1506
1495
1467
1471
1463
1451
1415
1415
1410
1391
1368
1362
1347
1361
1328
1318
1318
1291
1282
1271
1247
1241
1240
1218
1215
1206
1194
1182
1167
1160
1151
1140
1134
1123
1120
1110
1090
1089
1078
1072
1070
