593
565
567
559
561
550
550
547
539
538
539
528
529
519
522
525
507
512
506
503
509
499
500
506
498
493
499
495
499
493
490
498
493
492
494
488
492
488
497
500
496
498
500
491
503
503
495
502
496
502
505
493
505
494
505
504
503
503
505
508
510
510
510
520
508
523
528
516
534
526
527
538
536
538
547
543
548
552
544
554
549
558
555
553
572
567
564
581
580
588
594
591
596
599
603
616
619
628
639
643
665
668
689
699
722
727
751
774
803
816
854
873
901
926
970
988
1028
1065
1093
1141
1186
1212
1240
1262
1299
1326
1360
1382
1426
1463
1486
1495
1543
1562
1582
1601
1604
1599
1626
1631
1629
1621
1615
1637
1607
1619
1606
1591
1587
1543
1526
1519
1508
1490
1514
1514
1554
1604
1656
1723
1783
1856
1948
2004
2041
2087
2128
2188
2180
2194
2213
2215
2238
2224
2219
2210
2207
2195
2206
2200
2194
2190
2185
2192
2162
2167
2160
2134
2112
2102
2100
2102
2075
2067
2084
2042
2045
2015
2042
2026
2008
1986
2008
1971
1970
1939
1937
1942
1911
1900
1898
1870
1890
1850
1838
1844
1828
1826
1811
1804
1795
1775
1756
1766
1722
1723
1702
1687
1702
1675
1656
1662
1628
1619
1610
1607
1570
1566
1548
1546
1518
1506
1498
1474
1463
1444
1430
1417
1413
1392
1384
1379
1346
1342
1346
1330
1307
1285
1298
1267
1274
1256
1244
1226
1227
1215
1208
1181
1176
1183
1151
1170
1139
1137
1123
1114
1110
1096
1078
1075
1058
1074
1070
1048
1038
1019
1026
1016
