636
601
608
593
603
582
587
582
571
571
563
562
556
547
543
545
529
536
526
523
531
522
518
519
512
518
521
508
514
515
512
512
509
514
507
509
514
501
507
517
510
509
512
503
517
507
516
512
506
507
518
501
515
508
514
514
512
515
518
512
521
520
517
524
519
526
530
526
531
530
533
540
531
537
540
532
543
537
535
543
538
532
547
534
547
542
538
550
541
550
553
550
553
557
555
560
552
555
567
558
568
561
559
571
568
575
579
574
593
592
594
607
613
623
640
648
671
676
703
725
740
764
796
813
858
865
906
940
972
1008
1050
1080
1132
1163
1200
1252
1270
1330
1359
1399
1416
1440
1473
1508
1503
1542
1573
1561
1575
1567
1574
1574
1583
1583
1608
1628
1672
1731
1786
1863
1934
2014
2098
2150
2223
2270
2327
2387
2406
2402
2437
2448
2476
2474
2478
2495
2499
2490
2498
2506
2503
2486
2506
2510
2482
2479
2460
2464
2442
2426
2433
2430
2400
2390
2413
2381
2355
2366
2360
2367
2336
2347
2331
2316
2324
2286
2277
2251
2242
2250
2212
2199
2207
2174
2171
2170
2159
2138
2142
2114
2110
2106
2078
2070
2030
2026
2002
1999
1983
1965
1943
1934
1929
1887
1882
1863
1837
1830
1818
1806
1786
1746
1735
1723
1706
1677
1654
1643
1639
1595
1585
1579
1559
1558
1532
1517
1534
1486
1479
1460
1463
1438
1430
1415
1407
1387
1392
1352
1351
1351
1323
1338
1311
1297
1280
1271
1263
1246
1239
1236
1216
1206
1198
1184
1174
1166
1160
1146
