641
617
613
607
612
602
594
591
582
575
582
567
566
555
556
554
545
540
536
531
537
524
525
530
515
526
527
518
520
523
522
523
517
516
521
518
516
522
519
530
522
527
524
522
535
528
537
532
528
528
541
529
531
530
537
537
542
540
545
543
558
545
552
559
562
565
571
563
584
581
574
590
590
584
598
587
599
594
590
602
595
601
606
603
616
624
614
635
629
642
647
647
659
672
666
685
688
701
719
727
752
765
783
803
834
853
890
917
958
986
1042
1072
1118
1154
1219
1266
1319
1372
1424
1488
1536
1588
1648
1682
1732
1776
1824
1850
1923
1964
2015
2047
2094
2144
2139
2206
2194
2199
2244
2242
2246
2243
2274
2275
2252
2248
2250
2230
2205
2155
2138
2116
2118
2095
2119
2118
2164
2206
2258
2333
2381
2462
2523
2576
2606
2655
2695
2722
2727
2743
2755
2758
2766
2750
2737
2738
2723
2703
2730
2700
2707
2681
2664
2678
2650
2644
2630
2614
2566
2562
2556
2554
2540
2523
2514
2499
2493
2474
2476
2478
2444
2423
2435
2399
2407
2367
2376
2334
2318
2340
2298
2284
2298
2254
2244
2266
2224
2222
2202
2196
2168
2155
2135
2130
2100
2071
2078
2046
2026
2022
2006
1998
1972
1950
1949
1918
1882
1883
1866
1879
1826
1802
1798
1756
1754
1725
1717
1690
1665
1641
1636
1630
1614
1587
1573
1584
1554
1530
1531
1503
1508
1492
1471
1464
1447
1424
1419
1394
1390
1389
1366
1355
1341
1324
1323
1299
1289
1279
1255
1262
1247
1247
1234
1213
1207
1189
1186
1184
