643
610
612
595
611
591
589
587
578
576
571
560
551
556
544
553
539
533
533
524
533
522
522
522
512
519
523
512
517
513
512
517
514
515
512
507
511
510
506
518
509
514
516
506
524
514
518
514
513
511
520
513
516
514
512
518
507
514
522
517
525
515
516
522
529
528
536
525
538
539
531
542
538
539
542
538
548
544
542
551
547
548
552
537
551
552
551
556
554
555
560
555
563
562
562
566
565
572
571
564
576
566
570
583
569
581
592
584
603
600
614
620
634
634
652
661
680
702
703
735
745
784
806
837
873
896
938
971
1024
1051
1097
1140
1202
1231
1267
1335
1358
1408
1442
1494
1537
1569
1618
1641
1653
1674
1703
1722
1730
1724
1731
1727
1726
1727
1744
1771
1817
1867
1934
2006
2074
2152
2241
2300
2371
2398
2439
2506
2542
2545
2583
2598
2610
2606
2618
2630
2618
2626
2630
2623
2629
2619
2622
2647
2615
2615
2592
2594
2583
2554
2562
2556
2513
2503
2539
2510
2502
2500
2504
2490
2474
2459
2460
2443
2439
2402
2400
2381
2390
2365
2364
2314
2332
2332
2294
2302
2294
2242
2242
2232
2219
2215
2198
2183
2159
2146
2118
2106
2090
2074
2048
2057
2039
2008
1992
1967
1956
1938
1926
1907
1876
1845
1834
1811
1804
1782
1755
1738
1719
1707
1688
1671
1651
1630
1624
1616
1598
1577
1562
1546
1547
1518
1483
1499
1476
1460
1439
1436
1427
1407
1387
1388
1370
1364
1346
1336
1322
1307
1285
1285
1283
1268
1267
1241
1238
1226
1219
1210
