630
607
603
596
607
592
580
590
572
567
566
561
559
550
541
551
534
537
527
528
529
522
514
521
515
517
525
515
513
513
514
522
515
516
515
506
514
515
515
526
512
520
524
518
530
523
523
528
524
520
529
522
531
528
529
536
530
538
537
544
546
546
550
557
554
564
564
562
571
571
571
583
583
586
598
587
606
599
598
602
604
604
606
606
627
625
621
640
640
651
654
658
668
682
681
698
698
708
739
733
756
777
794
834
851
880
927
943
1002
1019
1062
1098
1163
1195
1254
1301
1362
1426
1475
1532
1579
1622
1668
1707
1757
1794
1846
1863
1930
1936
1990
2011
2078
2083
2118
2151
2119
2151
2162
2162
2173
2158
2159
2171
2143
2131
2119
2096
2074
2044
2002
1998
1980
1954
1966
1971
1997
2061
2103
2174
2231
2310
2392
2447
2488
2503
2543
2609
2606
2603
2614
2630
2625
2615
2618
2604
2576
2583
2587
2579
2583
2570
2552
2566
2518
2532
2503
2480
2455
2452
2440
2444
2422
2391
2406
2387
2394
2382
2375
2355
2323
2316
2314
2302
2286
2244
2246
2228
2210
2206
2190
2171
2178
2160
2127
2147
2130
2096
2094
2086
2060
2056
2035
2028
2006
1990
1976
1945
1943
1920
1906
1903
1878
1866
1858
1824
1822
1804
1783
1767
1743
1718
1720
1676
1682
1647
1626
1618
1599
1562
1574
1562
1534
1536
1511
1513
1494
1476
1467
1463
1446
1418
1404
1401
1383
1362
1358
1340
1335
1328
1308
1308
1286
1276
1267
1248
1243
1216
1207
1209
1207
1184
1182
1163
1163
1130
1138
1126
