637
610
607
595
609
607
589
585
573
575
571
565
554
550
542
546
544
538
534
529
534
527
519
528
514
521
524
511
519
515
515
519
520
510
518
510
512
512
515
525
507
512
514
506
523
513
512
520
514
516
520
512
523
513
512
523
512
514
523
520
525
524
522
529
522
528
537
526
541
534
534
540
536
533
545
537
550
545
538
547
544
545
543
541
551
550
548
558
554
557
558
558
563
558
560
564
558
559
569
558
573
568
571
576
577
575
583
581
595
586
597
595
606
608
623
631
654
658
679
693
704
726
751
764
793
819
837
884
909
946
986
1021
1062
1099
1142
1203
1216
1266
1306
1334
1373
1403
1449
1488
1498
1527
1583
1575
1606
1598
1623
1639
1654
1659
1689
1718
1767
1807
1868
1951
1987
2058
2130
2174
2218
2268
2295
2356
2370
2407
2423
2435
2456
2444
2449
2475
2467
2463
2503
2463
2474
2489
2490
2507
2464
2475
2471
2437
2451
2420
2425
2411
2410
2416
2418
2387
2375
2350
2374
2379
2352
2352
2339
2316
2319
2285
2278
2246
2251
2231
2237
2214
2235
2200
2183
2199
2159
2159
2145
2110
2103
2104
2102
2064
2053
2022
2026
1996
1990
1970
1955
1946
1926
1919
1887
1879
1847
1851
1815
1808
1778
1731
1734
1715
1708
1687
1667
1659
1634
1601
1605
1593
1574
1558
1541
1543
1519
1511
1494
1483
1475
1466
1436
1427
1420
1389
1396
1360
1351
1342
1329
1322
1317
1300
1296
1274
1259
1244
1233
1240
1226
1218
1218
1184
1182
1163
1162
1151
