635
608
610
599
598
599
591
586
573
571
574
564
555
554
547
547
540
539
532
527
531
524
522
525
516
519
518
506
517
518
513
515
516
508
518
505
516
509
510
519
508
512
516
509
520
503
514
515
512
515
521
510
519
510
519
516
512
514
520
516
524
519
521
528
524
527
531
524
535
538
530
540
534
538
539
531
546
535
535
543
536
543
539
534
549
542
539
550
542
551
551
552
558
554
554
556
553
558
562
555
571
567
573
579
576
582
593
584
614
607
621
622
641
646
670
682
703
718
743
770
788
810
844
870
908
928
963
1016
1036
1086
1124
1159
1212
1243
1278
1321
1340
1386
1434
1454
1471
1498
1545
1578
1587
1589
1622
1618
1616
1622
1626
1616
1628
1611
1654
1664
1712
1763
1813
1895
1940
2021
2085
2162
2210
2263
2314
2362
2350
2396
2407
2435
2442
2431
2438
2439
2438
2426
2468
2442
2462
2439
2450
2448
2416
2411
2412
2389
2383
2355
2359
2370
2330
2340
2358
2315
2316
2295
2314
2310
2295
2267
2262
2255
2262
2217
2226
2186
2162
2167
2158
2158
2136
2132
2110
2110
2106
2094
2086
2066
2035
2035
2023
1998
1975
1986
1949
1926
1930
1915
1887
1893
1868
1851
1832
1835
1802
1781
1770
1743
1714
1707
1700
1672
1659
1639
1622
1607
1590
1563
1550
1546
1520
1503
1499
1492
1478
1458
1446
1418
1428
1411
1399
1397
1370
1358
1356
1330
1310
1324
1285
1296
1284
1258
1262
1244
1230
1226
1200
1215
1184
1188
1178
1168
1157
1135
1127
1119
